3.52077
3.93246
3.59409
4.01222
3.25617
3.7445
3.82426
3.76694
3.32682
3.2104
3.77361
3.98889
3.91491
3.70473
3.14019
3.93024
3.3557
3.4028
3.01555
4.06599
3.89158
3.60076
3.52788
3.79338
3.47034
3.61453
3.43013
3.68074
3.7285
3.78116
3.6583
3.46656
3.79516
3.83359
3.34148
3.89913
3.46345
3.20951
3.96912
3.79804
3.06354
3.77738
3.77916
3.44523
3.45723
4.19085
4.07554
3.80582
4.04888
3.42968
3.65319
3.33792
4.05843
3.17441
3.87292
3.83759
3.44701
3.9489
3.18152
4.08954
3.80227
3.63186
3.95934
3.68696
