1.98831e-05
7.9405e-05
0.000178076
0.000315069
0.000489276
0.0006995
0.00094451
0.00122326
0.00153503
0.00187961
0.00225728
0.00266912
0.00311681
0.00360279
0.00412981
0.00470165
0.00532168
0.00599418
0.0067226
0.00751057
0.00836149
0.0092777
0.0102614
0.011314
0.0124366
0.0136292
0.0148918
0.0162234
0.0176235
0.0190913
0.0206252
0.0222246
0.0238889
0.0256179
0.0274117
0.0292712
0.0311975
0.0331927
0.0352593
0.0373996
0.0396173
0.0419155
0.0442975
0.0467666
0.0493263
0.0519782
0.0547253
0.0575686
0.0605089
0.0635463
0.0666803
0.0699091
0.073231
0.076644
0.0801442
0.0837295
0.0873956
0.0911396
0.0949577
0.0988459
0.102801
0.106818
0.110894
0.115025
0.119206
0.123433
0.127701
0.132004
0.136338
0.140696
0.145073
0.149462
0.153858
0.158255
0.162647
0.167028
0.171395
0.175742
0.180066
0.184365
0.188636
0.192876
0.197087
0.201268
0.20542
0.209545
0.213644
0.217722
0.221778
0.225819
0.229845
0.23386
0.237869
0.241871
0.245873
0.249874
0.253878
0.257884
0.261896
0.265912
0.269933
0.273958
0.277987
0.282019
0.286052
0.290082
0.294108
0.298129
0.302139
0.306138
0.31012
0.314082
0.31802
0.321931
0.325811
0.329654
0.333459
0.337218
0.34093
0.34459
0.348195
0.351741
0.355225
0.358645
0.361996
0.365279
0.368493
0.371633
0.374702
0.377699
0.380625
0.383478
0.386263
0.388977
0.391626
0.39421
0.396731
0.399193
0.401598
0.403948
0.406249
0.408501
0.410709
0.412876
0.415005
0.417101
0.419164
0.4212
0.423211
0.425199
0.427167
0.429118
0.431052
0.432975
0.434883
0.436779
0.438664
0.440538
0.442401
0.444253
0.446091
0.447915
0.449724
0.451515
0.453288
0.455038
0.456766
0.458468
0.460143
0.461788
0.4634
0.46498
0.466523
0.46803
0.469499
0.470927
0.472316
0.473665
0.474971
0.476237
0.477462
0.478647
0.479792
0.480898
0.481966
0.482998
0.483994
0.484958
0.485889
0.486791
0.487664
0.488512
0.489336
0.490138
0.49092
0.491684
0.492434
0.493168
0.493891
0.494605
0.495308
0.496004
0.496693
0.497378
0.498057
0.498732
0.499404
0.50007
0.500734
0.501394
0.50205
0.502701
0.503347
0.503989
0.504623
0.505251
0.505872
0.506486
0.507092
0.507688
0.508277
0.508856
0.509426
0.509987
0.510539
0.511082
0.511617
0.512143
0.512662
0.513173
0.513678
0.514177
0.514672
0.515161
0.515647
0.516131
0.516612
0.517093
0.517573
0.518055
0.518538
0.519023
0.519512
0.520005
0.520503
0.521006
0.521515
0.52203
0.522552
0.523081
0.523617
0.524161
0.524712
0.52527
0.525835
0.526407
0.526985
0.527569
0.52816
0.528756
0.529357
0.529963
0.530574
0.531189
0.531806
0.532428
0.533052
0.533679
0.53431
0.534943
0.535577
0.536214
0.536853
0.537494
0.538137
0.538783
0.539431
0.540081
0.540733
0.541387
0.542044
0.542702
0.543364
0.544026
0.544691
0.545358
0.546027
0.546696
0.547368
0.548041
0.548715
0.549389
0.550063
0.550737
0.55141
0.552083
0.552755
0.553424
0.554091
0.554756
0.555416
0.556074
0.556726
0.557374
0.558016
0.558652
0.559282
0.559904
0.56052
0.561126
0.561724
0.562315
0.562895
0.563466
0.564027
0.56458
0.565121
0.565654
0.566176
0.566688
0.567191
0.567684
0.568168
0.568642
0.569108
0.569565
0.570013
0.570454
0.570888
0.571314
0.571733
0.572146
0.572554
0.572955
0.573351
0.573742
0.574128
0.574512
0.574889
0.575263
0.575635
0.576002
0.576366
0.576727
0.577086
0.577441
0.577793
0.578142
0.578489
0.578833
0.579174
0.579512
0.579848
0.58018
0.580509
0.580835
0.581158
0.581477
0.581795
0.582108
0.582418
0.582724
0.583027
0.583326
0.583622
0.583914
0.584204
0.58449
0.584774
0.585054
0.585332
0.585607
0.58588
0.586151
0.58642
0.58669
0.586957
0.587223
0.587488
0.587754
0.58802
0.588287
0.588555
0.588824
0.589094
0.589366
0.589641
0.589917
0.590198
0.590481
0.590767
0.591056
0.591349
0.591646
0.591947
0.592251
0.592559
0.592872
0.593189
0.593509
0.593833
0.594162
0.594493
0.594829
0.595167
0.59551
0.595855
0.596203
0.596553
0.596907
0.597263
0.59762
0.59798
0.598341
0.598704
0.599067
0.599433
0.599799
0.600166
0.600534
0.600903
0.601272
0.601642
0.602013
0.602384
0.602757
0.60313
0.603504
0.603881
0.604259
0.604639
0.605021
0.605407
0.605793
0.606186
0.606581
0.60698
0.607383
0.607792
0.608205
0.608624
0.609049
0.609481
0.609918
0.610363
0.610815
0.611273
0.611738
0.612211
0.612691
0.613179
0.613673
0.614175
0.614684
0.6152
0.615721
0.61625
0.616784
0.617323
0.617868
0.618418
0.618971
0.619529
0.62009
0.620654
0.621221
0.621788
0.622359
0.62293
0.623502
0.624074
0.624648
0.625221
0.625792
0.626366
0.626937
0.627507
0.628077
0.628646
0.629214
0.62978
0.630346
0.630912
0.631477
0.632042
0.632606
0.633169
0.633734
0.634298
0.634863
0.635429
0.635996
0.636564
0.637133
0.637703
0.638274
0.638848
0.639422
0.639998
0.640574
0.641153
0.641733
0.642313
0.642894
0.643476
0.644057
0.644639
0.645221
0.645801
0.64638
0.646958
0.647534
0.648107
0.648679
0.649249
0.649814
0.650378
0.650938
0.651495
0.652049
0.652599
0.653148
0.653693
0.654236
0.654778
0.655317
0.655855
0.656394
0.656932
0.65747
0.65801
0.658552
0.659099
0.659649
0.660203
0.660763
0.661329
0.661903
0.662485
0.663077
0.663678
0.664289
0.664912
0.665547
0.666194
0.666854
0.667529
0.668216
0.668918
0.669635
0.670366
0.671113
0.671873
0.672649
0.673439
0.674245
0.675064
0.675898
0.676746
0.677606
0.678481
0.679368
0.680266
0.681177
0.6821
0.683034
0.683978
0.684933
0.685898
0.686872
0.687855
0.688849
0.68985
0.69086
0.691879
0.692907
0.693944
0.694988
0.696042
0.697104
0.698176
0.699257
0.700346
0.701445
0.702554
0.703674
0.704803
0.705942
0.707093
0.708254
0.709426
0.710609
0.711806
0.713012
0.71423
0.71546
0.716701
0.717953
0.719217
0.720492
0.721778
0.723072
0.724379
0.725694
0.727018
0.728351
0.729692
0.73104
0.732395
0.733756
0.735123
0.736493
0.737868
0.739248
0.74063
0.742014
0.7434
0.744787
0.746174
0.747563
0.748951
0.75034
0.751728
0.753114
0.7545
0.755887
0.757271
0.758656
0.760041
0.761425
0.762811
0.764198
0.765586
0.766978
0.768372
0.769769
0.771172
0.77258
0.773993
0.775412
0.77684
0.778277
0.77972
0.781175
0.782639
0.784115
0.785602
0.7871
0.788611
0.790135
0.791671
0.79322
0.794783
0.796358
0.797947
0.799548
0.801164
0.80279
0.804429
0.80608
0.807743
0.809417
0.811102
0.812798
0.814504
0.816219
0.817944
0.819678
0.821421
0.823173
0.824934
0.826702
0.828479
0.830264
0.832058
0.833858
0.835668
0.837486
0.839313
0.841149
0.842993
0.844847
0.846712
0.848586
0.85047
0.852367
0.854274
0.856192
0.858124
0.860069
0.862026
0.863997
0.865983
0.867982
0.869996
0.872025
0.874069
0.876129
0.878204
0.880294
0.8824
0.884522
0.886659
0.888811
0.890979
0.893159
0.895356
0.897565
0.899788
0.902021
0.904268
0.906528
0.908795
0.911074
0.91336
0.915657
0.91796
0.92027
0.922583
0.924903
0.927227
0.929555
0.931883
0.934214
0.936546
0.938879
0.941211
0.943543
0.945875
0.948204
0.950534
0.95286
0.955186
0.95751
0.959831
0.96215
0.964469
0.966786
0.969102
0.971418
0.973736
0.976051
0.978367
0.980685
0.983003
0.985324
0.987647
0.989971
0.992299
0.994629
0.996962
0.999299
1.00164
1.00398
1.00633
1.00868
1.01103
1.01339
1.01574
1.01811
1.02047
1.02284
1.0252
1.02757
1.02994
1.03231
1.03468
1.03705
1.03942
1.04179
1.04416
1.04652
1.04888
1.05124
1.0536
1.05596
1.05831
1.06066
1.063
1.06534
1.06767
1.07
1.07233
1.07465
1.07696
1.07927
1.08158
1.08388
1.08617
1.08846
1.09075
1.09303
1.0953
1.09757
1.09984
1.10209
1.10435
1.1066
1.10885
1.11109
1.11332
1.11555
1.11778
1.12001
1.12222
1.12444
1.12664
1.12885
1.13105
1.13324
1.13543
1.13761
1.13979
1.14196
1.14413
1.14628
1.14843
1.15058
1.15271
1.15484
1.15695
1.15906
1.16115
1.16323
1.1653
1.16735
1.16939
1.17141
1.1734
1.17539
1.17735
1.17929
1.1812
1.1831
1.18497
1.18681
1.18863
1.19042
1.19218
1.19391
1.19562
1.19729
1.19894
1.20055
1.20214
1.2037
1.20523
1.20673
1.2082
1.20964
1.21106
1.21245
1.21382
1.21516
1.21649
1.21779
1.21907
1.22034
1.22158
1.22281
1.22403
1.22524
1.22643
1.22761
1.22879
1.22995
1.23111
1.23227
1.23342
1.23456
1.23571
1.23685
1.23799
1.23913
1.24027
1.2414
1.24253
1.24367
1.2448
1.24594
1.24707
1.2482
1.24933
1.25046
1.25159
1.25272
1.25384
1.25497
1.25609
1.25721
1.25834
1.25946
1.26058
1.2617
1.26283
1.26395
1.26508
1.2662
1.26733
1.26847
1.26961
1.27075
1.2719
1.27305
1.27421
1.27538
1.27655
1.27774
1.27893
1.28014
1.28135
1.28258
1.28381
1.28507
1.28633
1.28761
1.2889
1.2902
1.29152
1.29285
1.2942
1.29556
1.29693
1.29832
1.29972
1.30113
1.30255
1.30399
1.30544
1.30689
1.30836
1.30983
1.31131
1.3128
1.31429
1.31579
1.31729
1.3188
1.3203
1.32181
1.32333
1.32484
1.32635
1.32786
1.32937
1.33088
1.33239
1.3339
1.3354
1.3369
1.3384
1.33989
1.34139
1.34288
1.34437
1.34586
1.34734
1.34883
1.35031
1.3518
1.35328
1.35476
1.35625
1.35774
1.35922
1.36071
1.36221
1.36371
1.36521
1.36672
1.36823
1.36974
1.37127
1.3728
1.37433
1.37587
1.37742
1.37897
1.38053
1.3821
1.38367
1.38525
1.38684
1.38843
1.39003
1.39163
1.39324
1.39486
1.39648
1.39811
1.39974
1.40137
1.40302
1.40466
1.40631
1.40797
1.40962
1.41129
1.41295
1.41462
1.4163
1.41797
1.41965
1.42133
1.42302
1.42471
1.4264
1.42809
1.42979
1.43149
1.43319
1.4349
1.4366
1.43831
1.44002
1.44173
1.44344
1.44516
1.44687
1.44858
1.4503
1.45201
1.45372
1.45543
1.45715
1.45885
1.46056
1.46226
1.46396
1.46565
1.46734
1.46902
1.4707
1.47237
1.47403
1.47569
1.47734
1.47897
1.4806
1.48222
1.48383
1.48542
1.487
1.48858
1.49014
1.49169
1.49322
1.49475
1.49626
1.49776
1.49925
1.50073
1.5022
1.50366
1.5051
1.50654
1.50797
1.50939
1.5108
1.5122
1.51359
1.51498
1.51635
1.51773
1.51909
1.52045
1.5218
1.52315
1.52449
1.52582
1.52714
1.52846
1.52977
1.53108
1.53237
1.53366
1.53494
1.53621
1.53748
1.53873
1.53997
1.54121
1.54244
1.54365
1.54485
1.54605
1.54723
1.5484
1.54956
1.55072
1.55186
1.55299
1.55411
1.55522
1.55632
1.55741
1.55849
1.55957
1.56063
1.56169
1.56274
1.56378
1.56482
1.56585
1.56688
1.56789
1.56891
1.56992
1.57093
1.57194
1.57294
1.57394
1.57494
1.57594
1.57693
1.57793
1.57893
1.57992
1.58091
1.58191
1.58291
1.5839
1.5849
1.5859
1.5869
1.58791
1.58891
1.58992
1.59093
1.59194
1.59296
1.59398
1.595
1.59603
1.59706
1.5981
1.59915
1.60019
1.60125
1.60231
1.60338
1.60446
1.60554
1.60662
1.60772
1.60882
1.60993
1.61105
1.61217
1.6133
1.61443
1.61557
1.61673
1.61788
1.61904
1.62021
1.62138
1.62256
1.62375
1.62494
1.62613
1.62733
1.62854
1.62975
1.63097
1.63219
1.63341
1.63464
1.63588
1.63712
1.63836
1.63961
1.64087
1.64213
1.6434
1.64467
1.64596
1.64725
1.64855
1.64986
1.65118
1.65251
1.65385
1.65521
1.65658
1.65797
1.65937
1.66079
1.66222
1.66368
1.66515
1.66664
1.66816
1.66969
1.67125
1.67282
1.67442
1.67604
1.67768
1.67934
1.68102
1.68272
1.68445
1.68619
1.68795
1.68973
1.69152
1.69333
1.69515
1.69699
1.69884
1.70071
1.70258
1.70446
1.70635
1.70825
1.71015
1.71205
1.71397
1.71589
1.7178
1.71972
1.72164
1.72356
1.72548
1.7274
1.72932
1.73124
1.73316
1.73507
1.73699
1.7389
1.74081
1.74272
1.74463
1.74654
1.74845
1.75036
1.75226
1.75417
1.75608
1.75798
1.75988
1.76178
1.76368
1.76557
1.76747
1.76936
1.77124
1.77313
1.775
1.77687
1.77874
1.7806
1.78244
1.78428
1.78611
1.78793
1.78973
1.79153
1.79331
1.79509
1.79685
1.79859
1.80033
1.80205
1.80376
1.80546
1.80714
1.80882
1.81048
1.81214
1.81378
1.81541
1.81704
1.81865
1.82027
1.82188
1.82348
1.82508
1.82669
1.82829
1.82989
1.8315
1.83311
1.83473
1.83636
1.83799
1.83964
1.84129
1.84296
1.84464
1.84634
1.84806
1.84979
1.85154
1.8533
1.85509
1.85689
1.85872
1.86057
1.86243
1.86432
1.86623
1.86817
1.87012
1.8721
1.87409
1.87611
1.87815
1.88021
1.8823
1.8844
1.88652
1.88867
1.89083
1.89302
1.89522
1.89745
1.89969
1.90195
1.90424
1.90653
1.90885
1.91118
1.91353
1.9159
1.91828
1.92068
1.92309
1.92552
1.92795
1.93041
1.93288
1.93535
1.93785
1.94035
1.94287
1.9454
1.94794
1.95049
1.95305
1.95562
1.95821
1.9608
1.9634
1.96601
1.96863
1.97126
1.97389
1.97654
1.97918
1.98184
1.98449
1.98715
1.98982
1.99248
1.99515
1.99782
2.00048
2.00315
2.00581
2.00847
2.01113
2.01378
2.01643
2.01908
2.02171
2.02434
2.02697
2.02958
2.03219
2.03479
2.03739
2.03997
2.04255
2.04512
2.04768
2.05023
2.05277
2.05531
2.05784
2.06036
2.06288
2.06539
2.06789
2.07039
2.07289
2.07538
2.07788
2.08036
2.08286
2.08534
2.08783
2.09032
2.09281
2.0953
2.09779
2.10029
2.10279
2.10529
2.10779
2.11029
2.11279
2.1153
2.1178
2.1203
2.1228
2.12529
2.12778
2.13026
2.13273
2.13519
2.13764
2.14007
2.1425
2.1449
2.14728
2.14964
2.15199
2.15431
2.15661
2.15888
2.16112
2.16335
2.16555
2.16772
2.16986
2.17197
2.17406
2.17612
2.17816
2.18018
2.18217
2.18413
2.18607
2.18799
2.18989
2.19177
2.19363
2.19546
2.19728
2.19908
2.20086
2.20263
2.20438
2.20611
2.20783
2.20954
2.21123
2.2129
2.21456
2.21621
2.21784
2.21946
2.22106
2.22265
2.22423
2.22579
2.22733
2.22886
2.23037
2.23187
2.23334
2.2348
2.23624
2.23767
2.23907
2.24045
2.24181
2.24315
2.24446
2.24576
2.24703
2.24827
2.2495
2.25069
2.25187
2.25302
2.25414
2.25525
2.25633
2.25739
2.25843
2.25946
2.26046
2.26146
2.26244
2.26341
2.26437
2.26533
2.26628
2.26723
2.26818
2.26913
2.27008
2.27104
2.27201
2.27299
2.27397
2.27497
2.27597
2.277
2.27804
2.27909
2.28016
2.28125
2.28236
2.28349
2.28464
2.28581
2.287
2.28822
2.28946
2.29074
2.29203
2.29335
2.2947
2.29608
2.29748
2.29892
2.30038
2.30187
2.30339
2.30494
2.30652
2.30813
2.30976
2.31143
2.31312
2.31484
2.31658
2.31835
2.32014
2.32195
2.32379
2.32564
2.32752
2.32941
2.33131
2.33323
2.33516
2.33711
2.33906
2.34103
2.343
2.34498
2.34696
2.34896
2.35095
2.35295
2.35497
2.35698
2.35899
2.36102
2.36305
2.36508
2.36712
2.36916
2.37122
2.37328
2.37534
2.37741
2.37949
2.38158
2.38367
2.38578
2.38789
2.39
2.39213
2.39426
2.3964
2.39854
2.40068
2.40283
2.40498
2.40713
2.40928
2.41142
2.41357
2.4157
2.41783
2.41994
2.42205
2.42415
2.42622
2.42828
2.43032
2.43234
2.43434
2.43631
2.43826
2.44018
2.44207
2.44394
2.44578
2.44758
2.44935
2.4511
2.45282
2.45451
2.45618
2.45782
2.45944
2.46104
2.46262
2.46418
2.46574
2.46727
2.46881
2.47033
2.47185
2.47337
2.4749
2.47643
2.47798
2.47953
2.4811
2.48269
2.4843
2.48593
2.48759
2.48927
2.49099
2.49272
2.4945
2.49629
2.49812
2.49998
2.50187
2.50378
2.50572
2.50768
2.50966
2.51166
2.51367
2.51569
2.51772
2.51975
2.52178
2.52382
2.52584
2.52785
2.52986
2.53185
2.53382
2.53577
2.5377
2.53961
2.54149
2.54335
2.54518
2.54699
2.54877
2.55053
2.55226
2.55398
2.55567
2.55733
2.55899
2.56063
2.56225
2.56386
2.56548
2.56707
2.56867
2.57026
2.57186
2.57346
2.57506
2.57667
2.57829
2.57992
2.58157
2.58323
2.5849
2.58658
2.58829
2.59001
2.59174
2.59349
2.59526
2.59704
2.59882
2.60063
2.60244
2.60426
2.60608
2.60792
2.60975
2.61158
2.6134
2.61522
2.61704
2.61883
2.62062
2.6224
2.62415
2.62589
2.62761
2.62929
2.63096
2.63261
2.63422
2.63581
2.63738
2.63891
2.64042
2.6419
2.64336
2.64479
2.64619
2.64758
2.64894
2.65027
2.65159
2.65289
2.65417
2.65543
2.65668
2.65791
2.65914
2.66034
2.66154
2.66274
2.66393
2.6651
2.66628
2.66745
2.66862
2.66978
2.67095
2.67211
2.67326
2.67442
2.67558
2.67673
2.67788
2.67903
2.68018
2.68132
2.68246
2.68359
2.68471
2.68584
2.68695
2.68806
2.68916
2.69026
2.69136
2.69244
2.69352
2.6946
2.69568
2.69675
2.69782
2.6989
2.69997
2.70105
2.70213
2.70322
2.70432
2.70543
2.70654
2.70766
2.7088
2.70995
2.71111
2.71228
2.71347
2.71467
2.71589
2.71711
2.71835
2.71961
2.72087
2.72215
2.72344
2.72474
2.72604
2.72735
2.72867
2.72999
2.7313
2.73263
2.73394
2.73526
2.73656
2.73786
2.73915
2.74041
2.74167
2.74291
2.74413
2.74533
2.74651
2.74766
2.74879
2.74989
2.75098
2.75203
2.75306
2.75407
2.75506
2.75603
2.75699
2.75793
2.75885
2.75977
2.76068
2.76159
2.76249
2.7634
2.76432
2.76524
2.76617
2.76712
2.76809
2.76908
2.77009
2.77112
2.77218
2.77327
2.77438
2.77553
2.7767
2.7779
2.77914
2.7804
2.7817
2.78302
2.78436
2.78574
2.78714
2.78857
2.79001
2.79147
2.79294
2.79444
2.79594
2.79745
2.79897
2.80049
2.80202
2.80354
2.80506
2.80659
2.8081
2.80961
2.81111
2.81261
2.81409
2.81556
2.81702
2.81847
2.81991
2.82134
2.82276
2.82418
2.82558
2.82699
2.82838
2.82978
2.83118
2.83258
2.83398
2.83539
2.83682
2.83826
2.83972
2.84119
2.84268
2.8442
2.84574
2.84731
2.84891
2.85054
2.85221
2.8539
2.85563
2.85739
2.85918
2.861
2.86287
2.86475
2.86667
2.86862
2.8706
2.8726
2.87462
2.87667
2.87874
2.88083
2.88293
2.88505
2.88718
2.88933
2.89148
2.89364
2.8958
2.89797
2.90015
2.90232
2.90449
2.90666
2.90882
2.91098
2.91313
2.91527
2.9174
2.91951
2.92161
2.9237
2.92577
2.92783
2.92988
2.93191
2.93392
2.93592
2.93791
2.93988
2.94184
2.94379
2.94573
2.94765
2.94957
2.95148
2.95338
2.95528
2.95717
2.95906
2.96094
2.96281
2.96469
2.96656
2.96842
2.97029
2.97215
2.97402
2.97588
2.97774
2.9796
2.98146
2.98332
2.98519
2.98705
2.98892
2.9908
2.99267
2.99455
2.99644
2.99833
3.00023
3.00214
3.00404
3.00595
3.00787
3.00978
3.0117
3.01362
3.01554
3.01744
3.01935
3.02126
3.02316
3.02504
3.02692
3.02878
3.03064
3.03248
3.0343
3.03611
3.03789
3.03966
3.04141
3.04312
3.04483
3.04649
3.04813
3.04974
3.05132
3.05286
3.05437
3.05584
3.05727
3.05865
3.05999
3.06129
3.06255
3.06375
3.06491
3.06602
3.06708
3.0681
3.06908
3.07002
3.07091
3.07177
3.07259
3.07339
3.07416
3.07491
3.07564
3.07636
3.07707
3.07778
3.07849
3.0792
3.07993
3.08067
3.08143
3.08222
3.08304
3.08388
3.08476
3.08569
3.08665
3.08765
3.0887
3.08979
3.09093
3.09212
3.09336
3.09464
3.09597
3.09735
3.09876
3.10023
3.10172
3.10326
3.10483
3.10643
3.10806
3.10972
3.11139
3.11308
3.11478
3.11649
3.1182
3.11991
3.12162
3.12332
3.12501
3.12669
3.12835
3.12999
3.1316
3.13319
3.13475
3.13629
3.13779
3.13927
3.14071
3.14212
3.1435
3.14484
3.14616
3.14746
3.14872
3.14996
3.15118
3.15238
3.15356
3.15474
3.1559
3.15706
3.15821
3.15937
3.16053
3.16171
3.16289
3.1641
3.16531
3.16656
3.16782
3.16911
3.17043
3.17177
3.17314
3.17453
3.17596
3.17741
3.17888
3.18038
3.18189
3.18343
3.18498
3.18654
3.18812
3.18969
3.19127
3.19285
3.19443
3.196
3.19756
3.19911
3.20064
3.20215
3.20364
3.20509
3.20652
3.20792
3.20929
3.21061
3.2119
3.21314
3.21433
3.21548
3.21658
3.21763
3.21863
3.21958
3.22047
3.22132
3.2221
3.22283
3.22352
3.22416
3.22475
3.22529
3.22579
3.22625
3.22669
3.22709
3.22746
3.22781
3.22814
3.22846
3.22878
3.22909
3.2294
3.22972
3.23004
3.23038
3.23073
3.23111
3.2315
3.23193
3.23237
3.23285
3.23336
3.23389
3.23447
3.23507
3.23571
3.23638
3.23709
3.23784
3.23861
3.23941
3.24025
3.24111
3.24201
3.24293
3.24387
3.24483
3.24581
3.24681
3.24782
3.24882
3.24985
3.25086
3.25188
3.25289
3.25389
3.25487
3.25584
3.25679
3.25771
3.25861
3.25948
3.26032
3.26113
3.26191
3.26266
3.26337
3.26406
3.26471
3.26532
3.26591
3.26647
3.26701
3.26753
3.26803
3.26851
3.26898
3.26945
3.2699
3.27036
3.27081
3.27128
3.27176
3.27226
3.27277
3.2733
3.27387
3.27446
3.27508
3.27573
3.27642
3.27713
3.27789
3.27868
3.27951
3.28037
3.28126
3.28219
3.28314
3.28412
3.28512
3.28615
3.28719
3.28825
3.28932
3.29039
3.29148
3.29256
3.29365
3.29473
3.2958
3.29686
3.29791
3.29893
3.29994
3.30093
3.30189
3.30281
3.30372
3.30459
3.30543
3.30624
3.307
3.30773
3.30843
3.30909
3.30971
3.31028
3.31083
3.31134
3.31181
3.31225
3.31266
3.31304
3.3134
3.31374
3.31406
3.31436
3.31465
3.31494
3.31522
3.31551
3.3158
3.31611
3.31642
3.31676
3.31711
3.31749
3.31789
3.31832
3.31878
3.31927
3.31978
3.32032
3.32089
3.32148
3.32209
3.32273
3.32339
3.32406
3.32475
3.32545
3.32616
3.32687
3.32759
3.32831
3.32903
3.32975
3.33046
3.33118
3.33188
3.33257
3.33326
3.33394
3.33461
3.33527
3.33592
3.33657
3.33721
3.33785
3.33848
3.33911
3.33974
3.34036
3.34099
3.34162
3.34225
3.34289
3.34353
3.34418
3.34484
3.34551
3.34618
3.34687
3.34758
3.34829
3.34902
3.34975
3.35051
3.35128
3.35205
3.35285
3.35365
3.35446
3.35528
3.3561
3.35694
3.35777
3.3586
3.35942
3.36025
3.36106
3.36187
3.36265
3.36343
3.36418
3.36492
3.36563
3.36632
3.36698
3.36762
3.36823
3.36881
3.36937
3.36989
3.37039
3.37087
3.37133
3.37176
3.37217
3.37256
3.37294
3.3733
3.37364
3.37399
3.37432
3.37465
3.37497
3.3753
3.37562
3.37595
3.37628
3.37662
3.37696
3.37732
3.37768
3.37805
3.37843
3.37881
3.37922
3.37964
3.38006
3.3805
3.38095
3.38141
3.38189
3.38239
3.3829
3.38342
3.38396
3.38452
3.3851
3.38569
3.38631
3.38695
3.38761
3.38828
3.38899
3.38972
3.39047
3.39125
3.39206
3.39288
3.39374
3.39462
3.39552
3.39645
3.3974
3.39836
3.39935
3.40036
3.40138
3.40242
3.40347
3.40453
3.4056
3.40667
3.40775
3.40883
3.40991
3.411
3.41207
3.41315
3.41422
3.41529
3.41635
3.4174
3.41844
3.41947
3.42049
3.42151
3.42252
3.42352
3.42451
3.42549
3.42648
3.42745
3.42843
3.42941
3.43039
3.43137
3.43235
3.43334
3.43434
3.43535
3.43637
3.4374
3.43844
3.4395
3.44056
3.44165
3.44274
3.44384
3.44496
3.44609
3.44722
3.44836
3.4495
3.45064
3.45179
3.45291
3.45403
3.45514
3.45622
3.45728
3.45831
3.45931
3.46028
3.46119
3.46207
3.46289
3.46366
3.46437
3.46501
3.4656
3.46611
3.46655
3.46691
3.46721
3.46741
3.46754
3.4676
3.46757
3.46747
3.4673
3.46706
3.46674
3.46636
3.46592
3.46543
3.46489
3.46431
3.4637
3.46307
3.46241
3.46175
3.46109
3.46044
3.45981
3.45919
3.45861
3.45806
3.45755
3.45709
3.45668
3.45632
3.45602
3.45577
3.45558
3.45545
3.45536
3.45533
3.45534
3.4554
3.4555
3.45563
3.4558
3.45599
3.4562
3.45642
3.45665
3.45689
3.45712
3.45736
3.45758
3.45779
3.45798
3.45815
3.45829
3.45841
3.4585
3.45856
3.45859
3.45858
3.45855
3.45848
3.45839
3.45827
3.45813
3.45796
3.45779
3.45761
3.45742
3.45723
3.45705
3.45688
3.45673
3.45661
3.45652
3.45646
3.45644
3.45647
3.45654
3.45667
3.45685
3.45709
3.45738
3.45772
3.45812
3.45857
3.45906
3.45961
3.46018
3.4608
3.46145
3.46212
3.4628
3.4635
3.4642
3.4649
3.46558
3.46625
3.4669
3.46751
3.4681
3.46865
3.46915
3.46961
3.47002
3.47037
3.47067
3.47091
3.4711
3.47122
3.47129
3.4713
3.47125
3.47116
3.47101
3.47081
3.47056
3.47027
3.46994
3.46957
3.46917
3.46873
3.46828
3.46779
3.46729
3.46677
3.46624
3.4657
3.46515
3.4646
3.46404
3.46348
3.46292
3.46236
3.46181
3.46125
3.46069
3.46015
3.4596
3.45905
3.4585
3.45795
3.4574
3.45685
3.45629
3.45573
3.45516
3.45458
3.454
3.45341
3.45281
3.4522
3.45158
3.45095
3.4503
3.44966
3.449
3.44833
3.44766
3.44699
3.44631
3.44564
3.44496
3.4443
3.44364
3.44299
3.44236
3.44174
3.44113
3.44056
3.44
3.43947
3.43897
3.43849
3.43804
3.43763
3.43724
3.43689
3.43656
3.43626
3.43599
3.43575
3.43553
3.43534
3.43517
3.43501
3.43487
3.43474
3.43462
3.43451
3.43439
3.43428
3.43416
3.43403
3.4339
3.43375
3.43359
3.43341
3.43321
3.43299
3.43274
3.43247
3.43217
3.43185
3.4315
3.43112
3.43072
3.43029
3.42983
3.42935
3.42885
3.42833
3.42779
3.42723
3.42667
3.42608
3.42549
3.42489
3.42428
3.42368
3.42307
3.42245
3.42185
3.42124
3.42064
3.42005
3.41946
3.41888
3.41831
3.41775
3.41719
3.41665
3.41611
3.41559
3.41507
3.41456
3.41407
3.41358
3.41311
3.41264
3.41218
3.41174
3.41129
3.41086
3.41042
3.41001
3.40959
3.40918
3.40878
3.40838
3.40799
3.40761
3.40723
3.40686
3.40649
3.40615
3.40581
3.40548
3.40517
3.40488
3.40461
3.40437
3.40415
3.40396
3.40381
3.40369
3.4036
3.40355
3.40356
3.4036
3.40369
3.40383
3.40402
3.40425
3.40454
3.40489
3.40528
3.40573
3.40622
3.40678
3.40737
3.40802
3.40872
3.40947
3.41027
3.41111
3.412
3.41293
3.4139
3.41492
3.41597
3.41707
3.4182
3.41936
3.42056
3.42178
3.42304
3.42432
3.42562
3.42694
3.42828
3.42964
3.431
3.43238
3.43376
3.43515
3.43653
3.43792
3.43931
3.44069
3.44207
3.44343
3.44479
3.44615
3.4475
3.44883
3.45017
3.45149
3.4528
3.45411
3.45541
3.45671
3.458
3.45929
3.46057
3.46185
3.46312
3.46439
3.46565
3.4669
3.46813
3.46935
3.47055
3.47174
3.47291
3.47404
3.47514
3.4762
3.47723
3.47821
3.47913
3.48
3.48081
3.48156
3.48224
3.48285
3.48338
3.48384
3.48422
3.48452
3.48473
3.48487
3.48493
3.4849
3.4848
3.48463
3.48438
3.48406
3.48368
3.48322
3.48272
3.48215
3.48154
3.48089
3.48019
3.47947
3.47871
3.47793
3.47714
3.47633
3.47552
3.47471
3.47391
3.47312
3.47234
3.47158
3.47085
3.47014
3.46945
3.46879
3.46817
3.46758
3.46702
3.46649
3.46598
3.46552
3.46507
3.46465
3.46425
3.46387
3.46351
3.46316
3.46282
3.46249
3.46215
3.46182
3.46148
3.46114
3.46079
3.46043
3.46005
3.45966
3.45925
3.45882
3.45838
3.45791
3.45743
3.45693
3.45641
3.45588
3.45533
3.45477
3.4542
3.45361
3.45302
3.45242
3.45181
3.4512
3.45058
3.44996
3.44935
3.44872
3.44811
3.44748
3.44687
3.44625
3.44564
3.44502
3.44441
3.4438
3.44319
3.44259
3.44198
3.44138
3.44077
3.44017
3.43956
3.43896
3.43835
3.43773
3.43712
3.43651
3.43588
3.43525
3.43462
3.43398
3.43333
3.43269
3.43203
3.43137
3.43069
3.43002
3.42934
3.42865
3.42796
3.42727
3.42658
3.4259
3.42521
3.42453
3.42387
3.42321
3.42257
3.42195
3.42135
3.42078
3.42023
3.41973
3.41925
3.41882
3.41843
3.41809
3.4178
3.41755
3.41736
3.41723
3.41714
3.41712
3.41714
3.41722
3.41735
3.41753
3.41777
3.41805
3.41838
3.41874
3.41915
3.4196
3.42008
3.42059
3.42112
3.4217
3.42229
3.4229
3.42355
3.42419
3.42487
3.42555
3.42624
3.42695
3.42767
3.42838
3.42911
3.42984
3.43057
3.4313
3.43203
3.43276
3.43348
3.4342
3.43491
3.43561
3.43631
3.437
3.43769
3.43836
3.43903
3.43969
3.44036
3.44102
3.44167
3.44232
3.44298
3.44363
3.44429
3.44494
3.44559
3.44625
3.44691
3.44755
3.4482
3.44884
3.44947
3.45009
3.45069
3.45128
3.45184
3.45238
3.45289
3.45338
3.45383
3.45426
3.45465
3.455
3.45531
3.45559
3.45582
3.45602
3.45617
3.45629
3.45637
3.4564
3.4564
3.45636
3.45629
3.45618
3.45605
3.45588
3.45569
3.45547
3.45523
3.45498
3.45471
3.45442
3.45414
3.45384
3.45354
3.45324
3.45295
3.45266
3.45238
3.45211
3.45186
3.45162
3.45139
3.45117
3.45097
3.45078
3.45061
3.45045
3.45031
3.45017
3.45004
3.44993
3.44982
3.4497
3.4496
3.44949
3.44938
3.44926
3.44913
3.449
3.44885
3.44869
3.44851
3.44831
3.4481
3.44787
3.44763
3.44736
3.44708
3.44678
3.44646
3.44612
3.44578
3.44542
3.44506
3.44469
3.44431
3.44394
3.44357
3.44322
3.44287
3.44254
3.44222
3.44193
3.44166
3.44142
3.44121
3.44104
3.4409
3.4408
3.44074
3.44073
3.44074
3.44081
3.44093
3.44108
3.44128
3.44153
3.44181
3.44214
3.44251
3.44291
3.44336
3.44383
3.44434
3.44487
3.44542
3.446
3.4466
3.44721
3.44782
3.44844
3.44906
3.44968
3.45029
3.45088
3.45146
3.45202
3.45255
3.45305
3.45351
3.45393
3.45431
3.45466
3.45495
3.45519
3.45538
3.45552
3.4556
3.45561
3.45558
3.45548
3.45533
3.45511
3.45483
3.45449
3.45409
3.45363
3.45312
3.45254
3.45191
3.45123
3.45049
3.44971
3.44889
3.44801
3.44711
3.44616
3.44518
3.44419
3.44318
3.44214
3.4411
3.44006
3.43903
3.43801
3.437
3.43602
3.43506
3.43415
3.43328
3.43245
3.43167
3.43095
3.43029
3.42969
3.42915
3.42867
3.42826
3.42791
3.42762
3.42739
3.42723
3.42711
3.42705
3.42704
3.42707
3.42715
3.42726
3.42741
3.42759
3.4278
3.42804
3.4283
3.42857
3.42887
3.42918
3.4295
3.42984
3.43019
3.43055
3.43092
3.4313
3.43168
3.43207
3.43247
3.43288
3.4333
3.43372
3.43416
3.43461
3.43507
3.43554
3.43603
3.43655
3.43708
3.43763
3.43822
3.43883
3.43948
3.44016
3.44088
3.44165
3.44245
3.4433
3.4442
3.44515
3.44614
3.44719
3.44829
3.44942
3.45061
3.45184
3.45312
3.45444
3.45578
3.45717
3.45859
3.46003
3.46151
3.46298
3.46448
3.46598
3.46748
3.46899
3.47048
3.47197
3.47343
3.47487
3.47628
3.47765
3.47899
3.48028
3.48153
3.48273
3.48388
3.48497
3.48601
3.48698
3.4879
3.48875
3.48955
3.49028
3.49095
3.49156
3.49212
3.49262
3.49306
3.49346
3.49382
3.49412
3.49439
3.49462
3.49482
3.49499
3.49513
3.49525
3.49536
3.49544
3.49552
3.49558
3.49564
3.49568
3.49574
3.49579
3.49585
3.4959
3.49597
3.49606
3.49615
3.49626
3.49639
3.49654
3.49672
3.49692
3.49715
3.49741
3.49771
3.49804
3.49841
3.49882
3.49927
3.49976
3.50029
3.50086
3.50147
3.50211
3.5028
3.50351
3.50426
3.50502
3.50581
3.50662
3.50744
3.50827
3.5091
3.50994
3.51078
3.51161
3.51243
3.51325
3.51406
3.51485
3.51563
3.51639
3.51713
3.51787
3.51857
3.51926
3.51992
3.52057
3.52119
3.52179
3.52235
3.5229
3.52343
3.52393
3.5244
3.52485
3.52528
3.52568
3.52606
3.52642
3.52676
3.52708
3.52737
3.52766
3.52793
3.52817
3.52841
3.52863
3.52885
3.52906
3.52926
3.52945
3.52964
3.52982
3.53
3.53019
3.53036
3.53055
3.53074
3.53093
3.53114
3.53134
3.53156
3.53179
3.53202
3.53227
3.53253
3.5328
3.53307
3.53337
3.53366
3.53397
3.53427
3.53458
3.53488
3.53516
3.53545
3.5357
3.53595
3.53616
3.53634
3.5365
3.53659
3.53665
3.53665
3.5366
3.53649
3.53633
3.5361
3.5358
3.53543
3.53499
3.53448
3.53391
3.53326
3.53255
3.53177
3.53091
3.53
3.52902
3.52798
3.52689
3.52573
3.52453
3.52328
3.52198
3.52065
3.51928
3.51787
3.51645
3.51502
3.51357
3.51212
3.51069
3.50926
3.50786
3.5065
3.50518
3.50392
3.50271
3.50158
3.50053
3.49955
3.49867
3.49789
3.49721
3.49662
3.49615
3.49579
3.49553
3.49537
3.49532
3.49538
3.49553
3.49579
3.49613
3.49655
3.49705
3.49764
3.49828
3.49898
3.49973
3.50053
3.50136
3.50222
3.5031
3.50399
3.50489
3.50578
3.50666
3.50752
3.50835
3.50915
3.5099
3.51062
3.51127
3.51189
3.51244
3.51294
3.51338
3.51376
3.51409
3.51437
3.5146
3.5148
3.51497
3.51511
3.51524
3.51536
3.51549
3.51562
3.51578
3.51595
3.51618
3.51643
3.51675
3.51711
3.51753
3.51801
3.51855
3.51917
3.51984
3.52059
3.52139
3.52226
3.52319
3.52418
3.52522
3.5263
3.52743
3.52858
3.52976
3.53096
3.53218
3.53339
3.5346
3.53581
3.53698
3.53813
3.53925
3.54032
3.54135
3.54232
3.54323
3.54409
3.54488
3.54561
3.54626
3.54686
3.54739
3.54785
3.54826
3.54862
3.54892
3.54918
3.5494
3.54959
3.54976
3.54991
3.55006
3.55021
3.55037
3.55055
3.55077
3.55101
3.5513
3.55163
3.55202
3.55247
3.55299
3.55358
3.55425
3.55498
3.5558
3.55671
3.55769
3.55876
3.55991
3.56114
3.56245
3.56383
3.56528
3.56679
3.56835
3.56996
3.5716
3.57327
3.57496
3.57665
3.57834
3.57999
3.58164
3.58323
3.58478
3.58627
3.58768
3.58903
3.59028
3.59146
3.59254
3.59354
3.59444
3.59525
3.59597
3.5966
3.59715
3.59764
3.59804
3.59838
3.59866
3.59888
3.59906
3.5992
3.5993
3.59937
3.59943
3.59946
3.59949
3.59952
3.59954
3.59958
3.59963
3.5997
3.59979
3.59992
3.60009
3.60031
3.60056
3.60087
3.60123
3.60164
3.60211
3.60263
3.6032
3.60383
3.60449
3.6052
3.60595
3.60673
3.60753
3.60834
3.60917
3.60998
3.61079
3.61158
3.61233
3.61305
3.61372
3.61434
3.61489
3.61538
3.61581
3.61616
3.61643
3.61664
3.61676
3.61681
3.61679
3.61668
3.61652
3.61629
3.61599
3.61564
3.61523
3.61477
3.61425
3.6137
3.6131
3.61248
3.61182
3.61114
3.61045
3.60975
3.60904
3.60833
3.60764
3.60696
3.6063
3.60568
3.60508
3.60453
3.60403
3.60357
3.60317
3.60284
3.60256
3.60236
3.60221
3.60214
3.60212
3.60219
3.60231
3.60249
3.60273
3.60302
3.60336
3.60374
3.60416
3.60461
3.60509
3.60559
3.6061
3.60663
3.60717
3.60771
3.60825
3.60879
3.60932
3.60985
3.61036
3.61086
3.61134
3.61181
3.61226
3.61269
3.61311
3.6135
3.61389
3.61426
3.61462
3.61497
3.61532
3.61567
3.61603
3.61639
3.61677
3.61716
3.61759
3.61804
3.61853
3.61906
3.61964
3.62026
3.62094
3.62168
3.62247
3.62332
3.62423
3.62521
3.62624
3.62734
3.62849
3.6297
3.63097
3.63228
3.63363
3.63503
3.63645
3.6379
3.63937
3.64085
3.64234
3.64383
3.64531
3.64678
3.64823
3.64966
3.65106
3.65242
3.65374
3.65502
3.65624
3.65742
3.65854
3.6596
3.66061
3.66155
3.66243
3.66325
3.664
3.6647
3.66534
3.66592
3.66646
3.66693
3.66737
3.66778
3.66814
3.66848
3.6688
3.6691
3.66939
3.66967
3.66995
3.67023
3.67052
3.67082
3.67113
3.67145
3.6718
3.67216
3.67254
3.67294
3.67336
3.67378
3.67423
3.67468
3.67515
3.67562
3.67607
3.67654
3.677
3.67745
3.67788
3.6783
3.6787
3.67909
3.67945
3.67978
3.68009
3.68038
3.68065
3.68088
3.68109
3.68127
3.68143
3.68155
3.68166
3.68172
3.68177
3.68179
3.68179
3.68177
3.68174
3.68169
3.68162
3.68156
3.68149
3.68143
3.68137
3.68133
3.68131
3.68131
3.68134
3.68141
3.68151
3.68166
3.68186
3.68211
3.6824
3.68276
3.68315
3.6836
3.6841
3.68465
3.68524
3.68586
3.68652
3.6872
3.68791
3.68863
3.68935
3.69009
3.69081
3.69152
3.69221
3.69288
3.69352
3.69412
3.69468
3.69519
3.69566
3.69607
3.69643
3.69673
3.69697
3.69714
3.69727
3.69733
3.69732
3.69727
3.69716
3.697
3.69679
3.69655
3.69627
3.69596
3.69563
3.69528
3.69493
3.69457
3.69423
3.6939
3.69361
3.69335
3.69312
3.69295
3.69284
3.69279
3.69281
3.69291
3.69308
3.69334
3.69367
3.69409
3.6946
3.69519
3.69586
3.6966
3.69741
3.69829
3.69924
3.70024
3.70128
3.70236
3.70347
3.70461
3.70576
3.70691
3.70806
3.7092
3.71032
3.7114
3.71245
3.71346
3.71442
3.71532
3.71617
3.71696
3.71768
3.71834
3.71893
3.71945
3.71991
3.7203
3.72064
3.72092
3.72116
3.72136
3.72152
3.72165
3.72177
3.72186
3.72197
3.72207
3.7222
3.72235
3.72254
3.72278
3.72308
3.72344
3.72387
3.72438
3.72498
3.72568
3.72647
3.72737
3.72837
3.72947
3.73068
3.73199
3.73341
3.73493
3.73653
3.73822
3.73998
3.74181
3.7437
3.74563
3.7476
3.74959
3.75158
3.75359
3.75556
3.75751
3.75942
3.76128
3.76308
3.76481
3.76646
3.76802
3.76949
3.77086
3.77213
3.77331
3.77437
3.77534
3.77619
3.77695
3.77762
3.7782
3.77869
3.7791
3.77945
3.77972
3.77994
3.78009
3.78021
3.7803
3.78035
3.78038
3.7804
3.78042
3.78045
3.78047
3.78052
3.7806
3.78071
3.78086
3.78104
3.78128
3.78156
3.7819
3.78229
3.78274
3.78324
3.7838
3.78442
3.78508
3.78579
3.78653
3.78732
3.78814
3.78898
3.78984
3.79072
3.7916
3.79247
3.79334
3.7942
3.79504
3.79586
3.79665
3.79742
3.79816
3.79886
3.79953
3.80015
3.80076
3.80132
3.80184
3.80234
3.8028
3.80322
3.80362
3.80398
3.80432
3.80463
3.80491
3.80517
3.8054
3.80561
3.80581
3.80599
3.80616
3.80633
3.80648
3.80664
3.8068
3.80696
3.80714
3.80732
3.80752
3.80775
3.80799
3.80827
3.80857
3.8089
3.80927
3.80967
3.81011
3.81057
3.81109
3.81162
3.8122
3.81281
3.81345
3.81412
3.81482
3.81553
3.81628
3.81704
3.81781
3.8186
3.81941
3.82022
3.82105
3.82188
3.82271
3.82356
3.8244
3.82524
3.82609
3.82694
3.82779
3.82864
3.82948
3.83033
3.83117
3.83201
3.83284
3.83367
3.8345
3.83531
3.83612
3.83692
3.83771
3.8385
3.83928
3.84004
3.84079
3.84155
3.84229
3.84302
3.84374
3.84446
3.84517
3.84589
3.8466
3.8473
3.84802
3.84873
3.84946
3.8502
3.85094
3.8517
3.85248
3.85326
3.85407
3.8549
3.85573
3.85659
3.85746
3.85834
3.85924
3.86013
3.86103
3.86192
3.86282
3.8637
3.86458
3.86543
3.86627
3.86709
3.86789
3.86866
3.8694
3.87013
3.87083
3.87151
3.87216
3.87281
3.87343
3.87406
3.87467
3.87529
3.87591
3.87655
3.8772
3.87787
3.87857
3.87931
3.88007
3.88089
3.88174
3.88265
3.88362
3.88463
3.88571
3.88684
3.88804
3.88929
3.8906
3.89198
3.8934
3.89488
3.8964
3.89798
3.89958
3.90122
3.90289
3.90457
3.90626
3.90797
3.90967
3.91136
3.91304
3.91469
3.91631
3.9179
3.91945
3.92095
3.9224
3.9238
3.92515
3.92643
3.92766
3.92882
3.92993
3.93098
3.93197
3.93291
3.93379
3.93463
3.93541
3.93616
3.93685
3.93752
3.93815
3.93876
3.93933
3.93987
3.94041
3.94093
3.94143
3.94193
3.94241
3.94289
3.94337
3.94386
3.94434
3.94484
3.94534
3.94584
3.94637
3.9469
3.94745
3.94801
3.94859
3.94917
3.94977
3.95039
3.951
3.95164
3.95226
3.95291
3.95354
3.95418
3.95481
3.95544
3.95606
3.95667
3.95726
3.95785
3.95842
3.95896
3.9595
3.96002
3.96051
3.96099
3.96144
3.96188
3.96229
3.96268
3.96305
3.9634
3.96373
3.96404
3.96432
3.96458
3.96482
3.96504
3.96524
3.96542
3.96557
3.96571
3.96583
3.96593
3.96601
3.96608
3.96612
3.96616
3.96618
3.96619
3.96618
3.96617
3.96615
3.96612
3.96609
3.96605
3.96601
3.96597
3.96593
3.96589
3.96586
3.96583
3.9658
3.9658
3.96579
3.96581
3.96584
3.96589
3.96595
3.96604
3.96615
3.96629
3.96645
3.96664
3.96686
3.96711
3.9674
3.96771
3.96807
3.96846
3.96889
3.96935
3.96985
3.97038
3.97095
3.97155
3.97219
3.97286
3.97356
3.97429
3.97504
3.97581
3.97659
3.9774
3.97821
3.97903
3.97984
3.98067
3.98148
3.98227
3.98305
3.98381
3.98454
3.98524
3.9859
3.98652
3.9871
3.98763
3.98811
3.98855
3.98893
3.98926
3.98954
3.98977
3.98994
3.99007
3.99015
3.99019
3.99019
3.99015
3.99007
3.98996
3.98981
3.98965
3.98946
3.98925
3.98902
3.98878
3.98852
3.98826
3.988
3.98773
3.98747
3.98721
3.98696
3.98671
3.98648
3.98626
3.98606
3.98588
3.98571
3.98556
3.98543
3.98531
3.98523
3.98515
3.9851
3.98507
3.98506
3.98507
3.9851
3.98515
3.98522
3.98531
3.98543
3.98558
3.98576
3.98597
3.98621
3.9865
3.98683
3.9872
3.98763
3.98811
3.98866
3.98927
3.98994
3.99068
3.99149
3.99237
3.99333
3.99436
3.99546
3.99664
3.99788
3.99919
4.00057
4.00201
4.00351
4.00506
4.00667
4.00832
4.01002
4.01175
4.01351
4.01529
4.0171
4.01892
4.02075
4.02258
4.02441
4.02623
4.02804
4.02982
4.03158
4.03329
4.03498
4.03661
4.03819
4.03971
4.04116
4.04254
4.04384
4.04507
4.04622
4.04727
4.04824
4.04913
4.04992
4.05062
4.05124
4.05178
4.05223
4.05262
4.05292
4.05317
4.05336
4.0535
4.05359
4.05364
4.05367
4.05366
4.05363
4.05359
4.05355
4.05349
4.05343
4.05338
4.05333
4.05329
4.05327
4.05325
4.05324
4.05326
4.05327
4.0533
4.05335
4.0534
4.05345
4.05352
4.05357
4.05364
4.05369
4.05374
4.05376
4.05379
4.05378
4.05376
4.05371
4.05364
4.05354
4.0534
4.05325
4.05306
4.05285
4.05261
4.05234
4.05206
4.05176
4.05145
4.05114
4.05083
4.05052
4.05022
4.04995
4.04969
4.04947
4.04929
4.04914
4.04904
4.049
4.049
4.04908
4.04921
4.04941
4.04967
4.05
4.0504
4.05088
4.05142
4.05203
4.0527
4.05345
4.05427
4.05514
4.05608
4.05708
4.05815
4.05927
4.06044
4.06167
4.06295
4.06427
4.06563
4.06703
4.06848
4.06996
4.07145
4.07297
4.07453
4.07608
4.07766
4.07924
4.08083
4.08242
4.084
4.08557
4.08714
4.08869
4.09023
4.09175
4.09323
4.09471
4.09616
4.09759
4.09898
4.10035
4.1017
4.10301
4.10429
4.10555
4.10679
4.10798
4.10915
4.11028
4.11139
4.11246
4.11349
4.11449
4.11545
4.11637
4.11726
4.1181
4.11889
4.11965
4.12037
4.12105
4.12168
4.12228
4.12284
4.12336
4.12385
4.12431
4.12474
4.12515
4.12554
4.12592
4.12628
4.12665
4.127
4.12736
4.12773
4.1281
4.12849
4.1289
4.12933
4.12978
4.13025
4.13075
4.13127
4.13183
4.13241
4.13302
4.13367
4.13434
4.13504
4.13577
4.13653
4.13731
4.13811
4.13894
4.13979
4.14065
4.14153
4.14242
4.14332
4.14423
4.14513
4.14604
4.14695
4.14784
4.14873
4.1496
4.15046
4.1513
4.15213
4.15295
4.15375
4.15453
4.1553
4.15606
4.15681
4.15756
4.15832
4.15908
4.15986
4.16065
4.16147
4.16232
4.1632
4.16413
4.16511
4.16614
4.16722
4.16835
4.16955
4.1708
4.17212
4.1735
4.17493
4.17642
4.17796
4.17955
4.18118
4.18284
4.18454
4.18626
4.188
4.18975
4.19148
4.19322
4.19493
4.19661
4.19825
4.19984
4.20137
4.20283
4.20421
4.2055
4.20669
4.20778
4.20876
4.20962
4.21035
4.21095
4.21143
4.21177
4.21197
4.21204
4.21199
4.21179
4.21148
4.21105
4.2105
4.20985
4.2091
4.20826
4.20735
4.20636
4.20533
4.20424
4.20312
4.20198
4.20082
4.19966
4.19851
4.19738
4.19628
4.19521
4.19419
4.19323
4.19231
4.19147
4.19069
4.18999
4.18935
4.18879
4.1883
4.1879
4.18756
4.18731
4.18712
4.187
4.18695
4.18695
4.18701
4.18711
4.18726
4.18745
4.18766
4.18789
4.18813
4.18838
4.18863
4.18887
4.18909
4.18929
4.18947
4.18962
4.18972
4.18979
4.18981
4.18979
4.18973
4.18962
4.18947
4.18927
4.18903
4.18876
4.18844
4.1881
4.18774
4.18736
4.18696
4.18655
4.18615
4.18574
4.18535
4.18496
4.18461
4.18428
4.18398
4.18372
4.18349
4.18332
4.1832
4.18313
4.18312
4.18315
4.18326
4.18342
4.18365
4.18393
4.18429
4.1847
4.18517
4.18569
4.18627
4.18688
4.18754
4.18823
4.18896
4.1897
4.19045
4.19121
4.19196
4.19271
4.19343
4.19414
4.19482
4.19545
4.19605
4.19661
4.19712
4.19757
4.19797
4.19831
4.19861
4.19883
4.199
4.19912
4.19918
4.19919
4.19914
4.19904
4.1989
4.19871
4.19849
4.19824
4.19795
4.19765
4.19732
4.19699
4.19665
4.19631
4.19598
4.19566
4.19536
4.19509
4.19485
4.19464
4.19448
4.19436
4.1943
4.19428
4.19432
4.19442
4.19458
4.19481
4.19509
4.19544
4.19586
4.19634
4.19688
4.19748
4.19813
4.19884
4.1996
4.20041
4.20126
4.20215
4.20308
4.20403
4.20502
4.20603
4.20707
4.20812
4.20919
4.21027
4.21135
4.21244
4.21353
4.21462
4.2157
4.21678
4.21785
4.21891
4.21996
4.22101
4.22204
4.22305
4.22406
4.22506
4.22605
4.22704
4.22802
4.22901
4.23
4.23099
4.23199
4.233
4.23404
4.2351
4.23618
4.23729
4.23844
4.23961
4.24084
4.24211
4.24343
4.2448
4.24623
4.24771
4.24926
4.25087
4.25255
4.25428
4.25608
4.25795
4.25988
4.26186
4.26389
4.26598
4.26811
4.27028
4.27248
4.27471
4.27695
4.2792
4.28146
4.28371
4.28596
4.28818
4.29038
4.29255
4.29468
4.29677
4.29881
4.3008
4.30275
4.30463
4.30646
4.30823
4.30994
4.3116
4.31319
4.31473
4.31621
4.31763
4.31901
4.32033
4.3216
4.32282
4.324
4.32513
4.32622
4.32726
4.32826
4.32922
4.33015
4.33104
4.3319
4.33273
4.33353
4.33431
4.33507
4.3358
4.33652
4.33722
4.3379
4.33857
4.33922
4.33986
4.34048
4.34108
4.34165
4.3422
4.34272
4.3432
4.34364
4.34404
4.34438
4.34466
4.34489
4.34505
4.34515
4.34517
4.34511
4.345
4.3448
4.34452
4.34418
4.34377
4.34329
4.34276
4.34216
4.34152
4.34083
4.3401
4.33934
4.33855
4.33775
4.33692
4.33611
4.33528
4.33447
4.33367
4.33288
4.33213
4.3314
4.33072
4.33008
4.32948
4.32894
4.32846
4.32804
4.32768
4.3274
4.32718
4.32704
4.32696
4.32696
4.32704
4.32719
4.32741
4.32771
4.32807
4.32851
4.32899
4.32955
4.33015
4.33079
4.33149
4.33222
4.33297
4.33375
4.33455
4.33536
4.33616
4.33696
4.33775
4.33852
4.33925
4.33997
4.34063
4.34127
4.34185
4.34239
4.34287
4.34331
4.34368
4.344
4.34427
4.34449
4.34466
4.34478
4.34485
4.34488
4.34488
4.34485
4.34478
4.3447
4.34459
4.34446
4.34433
4.34418
4.34403
4.34388
4.34372
4.34356
4.3434
4.34325
4.34309
4.34293
4.34277
4.34261
4.34245
4.34228
4.3421
4.34192
4.34173
4.34153
4.34132
4.3411
4.34086
4.34062
4.34037
4.3401
4.33983
4.33955
4.33927
4.33898
4.33869
4.33841
4.33813
4.33786
4.3376
4.33735
4.33712
4.33691
4.33672
4.33656
4.33642
4.33632
4.33625
4.33621
4.33622
4.33625
4.33633
4.33645
4.3366
4.3368
4.33703
4.3373
4.3376
4.33793
4.3383
4.33868
4.33909
4.33952
4.33997
4.34043
4.3409
4.34138
4.34185
4.34234
4.34281
4.34328
4.34374
4.34419
4.34462
4.34504
4.34544
4.34581
4.34616
4.34648
4.34678
4.34704
4.34727
4.34747
4.34765
4.34779
4.3479
4.34799
4.34806
4.34811
4.34813
4.34815
4.34817
4.34818
4.34819
4.34823
4.34827
4.34835
4.34846
4.34861
4.3488
4.34905
4.34935
4.34971
4.35014
4.35064
4.3512
4.35183
4.35254
4.35332
4.35416
4.35507
4.35605
4.35707
4.35815
4.35928
4.36045
4.36165
4.36288
4.36413
4.36538
4.36664
4.3679
4.36916
4.37039
4.37161
4.3728
4.37396
4.37508
4.37616
4.3772
4.37819
4.37914
4.38004
4.38089
4.3817
4.38245
4.38315
4.38381
4.38443
4.38501
4.38555
4.38607
4.38655
4.38702
4.38747
4.38791
4.38834
4.38878
4.38922
4.38967
4.39014
4.39062
4.39113
4.39167
4.39223
4.39283
4.39345
4.3941
4.39479
4.39551
4.39626
4.39704
4.39784
4.39867
4.39952
4.4004
4.40128
4.40219
4.4031
4.40403
4.40496
4.40589
4.40682
4.40775
4.40867
4.40959
4.41049
4.41138
4.41225
4.4131
4.41394
4.41475
4.41555
4.41632
4.41707
4.41779
4.4185
4.41919
4.41986
4.42051
4.42115
4.42178
4.4224
4.42303
4.42365
4.42427
4.4249
4.42554
4.42619
4.42686
4.42754
4.42824
4.42896
4.42969
4.43044
4.4312
4.43199
4.43277
4.43357
4.43438
4.43517
4.43597
4.43676
4.43753
4.43828
4.43901
4.43972
4.44039
4.44103
4.44163
4.44219
4.4427
4.44317
4.44359
4.44396
4.44426
4.44452
4.44472
4.44485
4.44492
4.44493
4.44487
4.44474
4.44455
4.44429
4.44395
4.44355
4.44308
4.44255
4.44196
4.4413
4.4406
4.43984
4.43905
4.43821
4.43735
4.43647
4.43557
4.43466
4.43375
4.43285
4.43196
4.43109
4.43024
4.42943
4.42865
4.42791
4.42721
4.42655
4.42594
4.42537
4.42485
4.42436
4.42391
4.42348
4.42309
4.42272
4.42236
4.422
4.42166
4.4213
4.42094
4.42055
4.42015
4.41972
4.41925
4.41875
4.41822
4.41764
4.41703
4.41638
4.41569
4.41497
4.41423
4.41346
4.41267
4.41186
4.41105
4.41024
4.40943
4.40863
4.40785
4.4071
4.40637
4.40568
4.40503
4.40443
4.40387
4.40337
4.40293
4.40254
4.40222
4.40197
4.40177
4.40166
4.4016
4.40161
4.40169
4.40185
4.40205
4.40232
4.40265
4.40302
4.40345
4.40393
4.40443
4.40497
4.40553
4.4061
4.4067
4.40728
4.40787
4.40844
4.40899
4.4095
4.40999
4.41043
4.41084
4.41119
4.41149
4.41172
4.4119
4.41201
4.41207
4.41207
4.41201
4.41189
4.41173
4.41152
4.41126
4.41097
4.41065
4.4103
4.40994
4.40956
4.40918
4.40881
4.40844
4.40809
4.40777
4.40747
4.40723
4.40703
4.4069
4.40682
4.40683
4.40693
4.40711
4.40739
4.40778
4.40827
4.40888
4.40961
4.41046
4.41142
4.41251
4.41371
4.41501
4.41642
4.41794
4.41953
4.42122
4.42297
4.42478
4.42665
4.42855
4.43048
4.43242
4.43437
4.43631
4.43824
4.44014
4.44202
4.44386
4.44565
4.44739
4.44908
4.45071
4.45227
4.45378
4.45522
4.45659
4.4579
4.45915
4.46032
4.46144
4.46248
4.46348
4.46441
4.4653
4.46613
4.46691
4.46766
4.46837
4.46904
4.46969
4.47031
4.47092
4.47152
4.47211
4.47272
4.47332
4.47394
4.47459
4.47526
4.47595
4.47669
4.47746
4.47828
4.47914
4.48004
4.48099
4.48198
4.48302
4.4841
4.48521
4.48637
4.48756
4.48877
4.49001
4.49127
4.49255
4.49384
4.49513
4.49644
4.49774
4.49904
4.50033
4.5016
4.50287
4.50411
4.50533
4.50654
4.5077
4.50884
4.50995
4.51102
4.51206
4.51306
4.51402
4.51494
4.51582
4.51666
4.51747
4.51823
4.51895
4.51963
4.52027
4.52088
4.52146
4.52199
4.5225
4.52298
4.52343
4.52384
4.52423
4.52459
4.52492
4.52522
4.5255
4.52574
4.52596
4.52616
4.52632
4.52645
4.52656
4.52664
4.52669
4.52671
4.5267
4.52666
4.52661
4.52653
4.52643
4.52631
4.52617
4.52603
4.52587
4.5257
4.52554
4.52537
4.52521
4.52505
4.52489
4.52474
4.5246
4.52446
4.52434
4.52422
4.52412
4.52401
4.52392
4.52383
4.52374
4.52366
4.52358
4.5235
4.52342
4.52334
4.52326
4.52317
4.52309
4.523
4.52291
4.52281
4.52272
4.52261
4.52251
4.5224
4.52229
4.52217
4.52205
4.52193
4.5218
4.52167
4.52152
4.52138
4.52123
4.52107
4.52091
4.52074
4.52057
4.5204
4.52021
4.52003
4.51985
4.51966
4.51947
4.51927
4.51908
4.51888
4.51869
4.5185
4.51831
4.51812
4.51793
4.51775
4.51757
4.5174
4.51722
4.51705
4.51689
4.51672
4.51655
4.51638
4.51621
4.51604
4.51585
4.51566
4.51546
4.51526
4.51503
4.5148
4.51457
4.51431
4.51405
4.51377
4.51347
4.51318
4.51287
4.51256
4.51224
4.51191
4.51158
4.51126
4.51095
4.51063
4.51034
4.51005
4.50979
4.50954
4.50933
4.50914
4.509
4.50889
4.50883
4.50882
4.50886
4.50896
4.50912
4.50934
4.50963
4.50999
4.51042
4.51091
4.51148
4.51212
4.51283
4.5136
4.51444
4.51534
4.51629
4.51729
4.51834
4.51942
4.52055
4.52169
4.52286
4.52404
4.52523
4.52643
4.52762
4.52881
4.53
4.53116
4.53231
4.53345
4.53457
4.53567
4.53675
4.5378
4.53883
4.53983
4.54081
4.54177
4.54269
4.5436
4.54448
4.54535
4.54619
4.54703
4.54785
4.54867
4.54948
4.5503
4.55113
4.55197
4.55284
4.55372
4.55464
4.55559
4.55657
4.5576
4.55867
4.5598
4.56096
4.56219
4.56345
4.56477
4.56614
4.56755
4.569
4.57051
4.57203
4.57359
4.57518
4.57678
4.5784
4.58002
4.58165
4.58326
4.58487
4.58646
4.58803
4.58958
4.59109
4.59257
4.59402
4.59543
4.59679
4.59813
4.59942
4.60066
4.60187
4.60304
4.60417
4.60527
4.60633
4.60736
4.60836
4.60934
4.6103
4.61123
4.61214
4.61305
4.61394
4.61484
4.61572
4.61662
4.61753
4.61844
4.61936
4.6203
4.62127
4.62225
4.62326
4.62428
4.62532
4.62639
4.62748
4.62859
4.62972
4.63085
4.632
4.63316
4.63432
4.63549
4.63665
4.63781
4.63895
4.6401
4.64122
4.64233
4.64341
4.64448
4.64551
4.64652
4.64749
4.64843
4.64934
4.65021
4.65104
4.65185
4.65261
4.65335
4.65405
4.65472
4.65536
4.65598
4.65657
4.65714
4.65769
4.65822
4.65874
4.65925
4.65975
4.66025
4.66075
4.66126
4.66178
4.6623
4.66285
4.6634
4.66398
4.66458
4.66522
4.66587
4.66655
4.66726
4.66799
4.66875
4.66953
4.67034
4.67116
4.672
4.67285
4.6737
4.67456
4.67542
4.67626
4.67709
4.6779
4.67868
4.67943
4.68014
4.68081
4.68143
4.682
4.68251
4.68296
4.68335
4.68367
4.68393
4.68411
4.68423
4.68429
4.68427
4.68419
4.68405
4.68384
4.68358
4.68326
4.68289
4.68247
4.68201
4.68151
4.68097
4.6804
4.6798
4.67918
4.67854
4.67788
4.67721
4.67654
4.67586
4.67518
4.67451
4.67384
4.6732
4.67258
4.67197
4.67139
4.67085
4.67034
4.66986
4.66943
4.66903
4.66868
4.66837
4.6681
4.66788
4.6677
4.66756
4.66745
4.66738
4.66735
4.66734
4.66737
4.66742
4.66749
4.66757
4.66768
4.66779
4.66791
4.66805
4.66818
4.66832
4.66845
4.66858
4.66872
4.66885
4.66899
4.66911
4.66923
4.66935
4.66948
4.6696
4.66973
4.66985
4.66998
4.67012
4.67025
4.67039
4.67052
4.67065
4.67078
4.67091
4.67103
4.67115
4.67126
4.67135
4.67143
4.6715
4.67155
4.67159
4.67161
4.6716
4.67158
4.67153
4.67146
4.67138
4.67127
4.67114
4.67098
4.67081
4.67061
4.67039
4.67014
4.66987
4.66957
4.66924
4.66887
4.66848
4.66806
4.6676
4.6671
4.66657
4.66601
4.66541
4.66478
4.66412
4.66343
4.66271
4.66197
4.6612
4.66043
4.65963
4.65884
4.65804
4.65724
4.65645
4.65567
4.65491
4.65417
4.65346
4.65278
4.65214
4.65154
4.65098
4.65048
4.65001
4.6496
4.64924
4.64894
4.6487
4.64852
4.6484
4.64835
4.64837
4.64845
4.64861
4.64884
4.64914
4.64952
4.64997
4.6505
4.6511
4.65178
4.65253
4.65334
4.65422
4.65516
4.65615
4.65721
4.65831
4.65945
4.66064
4.66185
4.66311
4.6644
4.66571
4.66705
4.66842
4.66981
4.67122
4.67266
4.67412
4.6756
4.67712
4.67866
4.68023
4.68184
4.68348
4.68514
4.68685
4.68858
4.69036
4.69216
4.694
4.69587
4.69776
4.69967
4.70161
4.70355
4.7055
4.70746
4.70941
4.71136
4.71329
4.7152
4.71709
4.71896
4.72079
4.72259
4.72435
4.72606
4.72773
4.72935
4.73093
4.73246
4.73393
4.73535
4.73672
4.73803
4.73928
4.74048
4.74161
4.74268
4.7437
4.74466
4.74556
4.7464
4.74719
4.74793
4.74861
4.74925
4.74985
4.75042
4.75095
4.75145
4.75194
4.75242
4.7529
4.75339
4.75388
4.7544
4.75494
4.75552
4.75614
4.75682
4.75754
4.75833
4.75918
4.7601
4.76108
4.76214
4.76327
4.76446
4.76572
4.76704
4.76842
4.76985
4.77132
4.77283
4.77438
4.77594
4.77752
4.77911
4.78069
4.78227
4.78383
4.78537
4.78688
4.78836
4.7898
4.79119
4.79255
4.79386
4.79513
4.79633
4.79749
4.7986
4.79967
4.80068
4.80165
4.80257
4.80344
4.80427
4.80506
4.80581
4.80652
4.80719
4.80784
4.80845
4.80903
4.80959
4.81011
4.81063
4.81112
4.81159
4.81204
4.81248
4.81291
4.81332
4.81372
4.81411
4.81447
4.81483
4.81517
4.81549
4.81579
4.81607
4.81631
4.81653
4.8167
4.81685
4.81695
4.817
4.817
4.81696
4.81686
4.8167
4.81649
4.81621
4.81587
4.81549
4.81503
4.81451
4.81393
4.81331
4.81263
4.81189
4.81111
4.81028
4.80942
4.80852
4.80759
4.80664
4.80567
4.80468
4.80368
4.80267
4.80166
4.80066
4.79967
4.7987
4.79773
4.79678
4.79587
4.79496
4.7941
4.79326
4.79246
4.79168
4.79094
4.79024
4.78956
4.78893
4.78833
4.78777
4.78724
4.78675
4.78629
4.78588
4.78549
4.78513
4.78481
4.78452
4.78425
4.78402
4.78382
4.78365
4.7835
4.78338
4.78329
4.78323
4.7832
4.78322
4.78326
4.78335
4.78348
4.78367
4.78391
4.7842
4.78456
4.785
4.78551
4.7861
4.78678
4.78755
4.78841
4.78937
4.79043
4.79158
4.79283
4.79418
4.79562
4.79715
4.79877
4.80046
4.80222
4.80405
4.80594
4.80787
4.80985
4.81186
4.81389
4.81595
4.81801
4.82008
4.82214
4.82419
4.82621
4.82821
4.83019
4.83212
4.834
4.83583
4.83761
4.83932
4.84098
4.84255
4.84406
4.84548
4.84682
4.84808
4.84926
4.85036
4.85138
4.85231
4.85317
4.85395
4.85466
4.8553
4.85587
4.8564
4.85686
4.85728
4.85767
4.85802
4.85835
4.85865
4.85895
4.85923
4.85951
4.8598
4.8601
4.8604
4.86073
4.86107
4.86143
4.86181
4.86221
4.86264
4.8631
4.86357
4.86406
4.86457
4.8651
4.86564
4.86619
4.86674
4.8673
4.86785
4.8684
4.86894
4.86946
4.86997
4.87046
4.87093
4.87137
4.87179
4.87218
4.87254
4.87286
4.87316
4.87342
4.87364
4.87382
4.87397
4.87408
4.87415
4.87418
4.87418
4.87413
4.87404
4.87392
4.87376
4.87356
4.87334
4.87308
4.87281
4.87251
4.8722
4.87188
4.87156
4.87124
4.87094
4.87065
4.8704
4.87018
4.87001
4.86989
4.86985
4.86986
4.86996
4.87013
4.87039
4.87075
4.87119
4.87173
4.87236
4.87308
4.87388
4.87478
4.87575
4.8768
4.87793
4.87912
4.88039
4.8817
4.88306
4.88447
4.88593
4.88743
4.88894
4.89049
4.89206
4.89364
4.89523
4.89683
4.89844
4.90003
4.90162
4.9032
4.90476
4.9063
4.90781
4.90929
4.91074
4.91216
4.91352
4.91485
4.91612
4.91734
4.91851
4.91962
4.92067
4.92165
4.92257
4.92343
4.92423
4.92496
4.92563
4.92625
4.92682
4.92733
4.9278
4.92824
4.92864
4.92902
4.92938
4.92973
4.93007
4.9304
4.93075
4.93112
4.9315
4.93192
4.93236
4.93285
4.93337
4.93394
4.93457
4.93526
4.936
4.9368
4.93767
4.9386
4.9396
4.94068
4.94182
4.94302
4.94431
4.94565
4.94706
4.94852
4.95005
4.95163
4.95326
4.95495
4.95666
4.95841
4.9602
4.962
4.96382
4.96565
4.96749
4.96932
4.97115
4.97296
4.97475
4.97651
4.97825
4.97996
4.98163
4.98325
4.98484
4.98639
4.98789
4.98936
4.99079
4.99218
4.99354
4.99487
4.99617
4.99744
4.99871
4.99995
5.00121
5.00245
5.0037
5.00497
5.00626
5.00756
5.0089
5.01026
5.01167
5.01312
5.0146
5.01615
5.01773
5.01936
5.02104
5.02276
5.02452
5.02632
5.02815
5.02999
5.03185
5.0337
5.03555
5.03738
5.03919
5.04095
5.04265
5.0443
5.04588
5.04738
5.04879
5.0501
5.05132
5.05244
5.05344
5.05434
5.05512
5.05579
5.05634
5.05676
5.05707
5.05726
5.05734
5.05731
5.05715
5.05689
5.05654
5.05608
5.05554
5.05492
5.05422
5.05347
5.05267
5.05184
5.05098
5.0501
5.04923
5.04836
5.04752
5.04671
5.04594
5.04523
5.04458
5.044
5.04349
5.04307
5.04272
5.04246
5.04229
5.0422
5.04221
5.04229
5.04244
5.04266
5.04296
5.04331
5.04372
5.04416
5.04463
5.04514
5.04568
5.04623
5.04678
5.04735
5.04791
5.04847
5.04901
5.04955
5.05007
5.05058
5.05107
5.05154
5.052
5.05242
5.05284
5.05324
5.05361
5.05397
5.05431
5.05463
5.05495
5.05524
5.05553
5.05582
5.05609
5.05637
5.05664
5.05691
5.05719
5.05747
5.05777
5.05807
5.0584
5.05873
5.05909
5.05946
5.05985
5.06026
5.06069
5.06113
5.0616
5.06208
5.06258
5.06308
5.06361
5.06413
5.06466
5.06518
5.06569
5.06621
5.06671
5.0672
5.06768
5.06813
5.06856
5.06897
5.06934
5.06969
5.07002
5.0703
5.07055
5.07077
5.07094
5.07109
5.0712
5.07127
5.0713
5.0713
5.07126
5.0712
5.0711
5.07098
5.07084
5.07066
5.07047
5.07028
5.07006
5.06984
5.06961
5.06939
5.06916
5.06893
5.06872
5.0685
5.06831
5.06814
5.06797
5.06782
5.06768
5.06758
5.06748
5.06741
5.06736
5.06734
5.06734
5.06736
5.06741
5.06748
5.06758
5.06771
5.06786
5.06803
5.06823
5.06845
5.0687
5.06897
5.06926
5.06957
5.0699
5.07025
5.07061
5.07098
5.07137
5.07177
5.07217
5.07259
5.07301
5.07342
5.07384
5.07426
5.07467
5.07507
5.07549
5.07589
5.07628
5.07667
5.07706
5.07744
5.07782
5.07818
5.07855
5.07891
5.07928
5.07963
5.07999
5.08034
5.08069
5.08105
5.0814
5.08176
5.08211
5.08247
5.08284
5.08321
5.08359
5.08397
5.08436
5.08475
5.08515
5.08556
5.08598
5.08641
5.08685
5.08729
5.08774
5.0882
5.08867
5.08915
5.08963
5.09013
5.09063
5.09115
5.09167
5.09221
5.09276
5.09331
5.09388
5.09446
5.09505
5.09566
5.09626
5.09688
5.0975
5.09813
5.09877
5.0994
5.10004
5.10068
5.10131
5.10193
5.10255
5.10314
5.10372
5.10429
5.10482
5.10533
5.10581
5.10625
5.10665
5.10701
5.10732
5.10757
5.10777
5.10791
5.10798
5.10798
5.10791
5.10777
5.10754
5.10724
5.10685
5.10638
5.10582
5.10518
5.10445
5.10364
5.10274
5.10178
5.10073
5.09962
5.09844
5.09719
5.0959
5.09456
5.09317
5.09175
5.09031
5.08885
5.08737
5.08589
5.08442
5.08295
5.0815
5.08007
5.07866
5.07729
5.07596
5.07467
5.07341
5.07221
5.07105
5.06993
5.06887
5.06785
5.06688
5.06596
5.06508
5.06424
5.06344
5.06268
5.06195
5.06125
5.06058
5.05993
5.0593
5.05868
5.05807
5.05748
5.05687
5.05627
5.05567
5.05506
5.05445
5.05381
5.05316
5.05249
5.05181
5.05111
5.05038
5.04963
5.04887
5.04809
5.04728
5.04646
5.04562
5.04477
5.04391
5.04304
5.04217
5.0413
5.04043
5.03957
5.03874
5.03791
5.03712
5.03635
5.03563
5.03494
5.03431
5.03373
5.03321
5.03275
5.03236
5.03203
5.03177
5.03159
5.03147
5.03144
5.03148
5.03159
5.03177
5.03202
5.03234
5.03272
5.03316
5.03367
5.03421
5.03483
5.03548
5.03617
5.0369
5.03766
5.03846
5.03927
5.04012
5.04097
5.04184
5.04271
5.04358
5.04447
5.04535
5.04622
5.04707
5.04793
5.04876
5.04957
5.05036
5.05114
5.0519
5.05263
5.05335
5.05404
5.05472
5.05538
5.05603
5.05668
5.05731
5.05796
5.05859
5.05923
5.05989
5.06057
5.06127
5.06198
5.06272
5.06349
5.0643
5.06513
5.06601
5.06691
5.06784
5.06881
5.0698
5.07083
5.07188
5.07294
5.07404
5.07514
5.07625
5.07737
5.0785
5.07963
5.08075
5.08188
5.083
5.08412
5.08522
5.08632
5.08743
5.08851
5.0896
5.09068
5.09176
5.09285
5.09393
5.09502
5.0961
5.09718
5.09827
5.09936
5.10044
5.10151
5.10258
5.10363
5.10466
5.10567
5.10665
5.10761
5.10852
5.1094
5.11023
5.11101
5.11175
5.11241
5.11302
5.11357
5.11405
5.11447
5.11481
5.11509
5.1153
5.11542
5.11549
5.11549
5.11542
5.11529
5.11509
5.11485
5.11454
5.11419
5.11379
5.11335
5.11288
5.11236
5.11183
5.11126
5.11068
5.11009
5.10948
5.10887
5.10825
5.10764
5.10703
5.10643
5.10583
5.10526
5.1047
5.10417
5.10366
5.10317
5.1027
5.10226
5.10185
5.10145
5.10108
5.10074
5.10041
5.1001
5.0998
5.0995
5.09921
5.09891
5.0986
5.09827
5.09791
5.09753
5.09709
5.09662
5.0961
5.09551
5.09485
5.09413
5.09334
5.09248
5.09155
5.09054
5.08947
5.08834
5.08715
5.0859
5.08461
5.08328
5.08193
5.08056
5.07918
5.07779
5.07642
5.07506
5.07373
5.07243
5.07118
5.06997
5.06881
5.06771
5.06667
5.06569
5.06479
5.06396
5.06319
5.06251
5.06189
5.06135
5.06088
5.0605
5.06018
5.05994
5.05978
5.05968
5.05966
5.0597
5.05982
5.05999
5.06022
5.06051
5.06085
5.06124
5.06166
5.06213
5.06262
5.06313
5.06366
5.06421
5.06476
5.06531
5.06586
5.0664
5.06693
5.06745
5.06794
5.06842
5.06887
5.06931
5.06972
5.07012
5.07049
5.07085
5.0712
5.07152
5.07185
5.07216
5.07248
5.0728
5.07313
5.07346
5.07382
5.07421
5.0746
5.07503
5.0755
5.076
5.07654
5.07711
5.07774
5.07841
5.07912
5.07988
5.0807
5.08156
5.08248
5.08345
5.08445
5.08552
5.08663
5.08779
5.08899
5.09023
5.09151
5.09283
5.09416
5.09553
5.09693
5.09834
5.09975
5.10117
5.10259
5.104
5.10538
5.10675
5.10808
5.10937
5.11063
5.11183
5.11297
5.11406
5.11508
5.11603
5.1169
5.11771
5.11844
5.11909
5.11967
5.12018
5.12062
5.121
5.12132
5.1216
5.12183
5.12202
5.12217
5.12232
5.12244
5.12256
5.12268
5.1228
5.12295
5.12311
5.1233
5.12353
5.1238
5.12412
5.12449
5.12492
5.1254
5.12594
5.12654
5.12721
5.12794
5.12873
5.12959
5.1305
5.13147
5.1325
5.13358
5.13471
5.13588
5.13709
5.13835
5.13964
5.14095
5.14229
5.14364
5.145
5.14636
5.14772
5.14907
5.1504
5.15171
5.15299
5.15423
5.15543
5.15659
5.1577
5.15876
5.15976
5.16072
5.16163
5.16248
5.16328
5.16404
5.16476
5.16544
