0.0376625
0.0376697
0.0376825
0.0377013
0.0377259
0.0754165
0.0754525
0.0754939
0.0755404
0.075592
0.0756491
0.0757117
0.0757798
0.0758536
0.0759333
0.0760193
0.0761121
0.0762121
0.0763199
0.076436
0.0765611
0.0766957
0.0768405
0.0769962
0.0771635
0.0773431
0.0775357
0.0777419
0.0779623
0.0781975
0.078448
0.0787143
0.0789968
0.0792958
0.0796114
0.0422835
0.0426327
0.0429985
0.0433809
0.0437795
0.0441938
0.0446234
0.0450676
0.0455255
0.0459962
0.0464787
0.046972
0.047475
0.0479868
0.0485064
0.0490329
0.0495654
0.0501031
0.0506452
0.0511911
0.05174
0.0522916
0.0528458
0.0534028
0.0539629
0.0545266
0.0550947
0.0556678
0.0562465
0.0944916
0.0950829
0.095681
0.0962858
0.0968971
0.0975145
0.0981375
0.0987656
0.099398
0.100034
0.0630136
0.0636558
0.0643001
0.0649459
0.0655928
0.0662402
0.0668876
0.0675344
0.0681801
0.0688242
0.0694661
0.0701054
0.0707415
0.0713739
0.0720021
0.0726256
0.0732437
0.0738562
0.0744624
0.0750618
0.0756542
0.0762389
0.0768157
0.0773842
0.0779442
0.0784955
0.079038
0.0795716
0.0800966
0.0806129
0.0811207
0.0816202
0.0821116
0.0825948
0.08307
0.0835374
0.083997
0.084449
0.0848937
0.0853312
0.0857621
0.0861867
0.0866054
0.0870186
0.0874267
0.0878301
0.088229
0.0886236
0.089014
0.0894001
0.0897818
0.090159
0.0905313
0.0908987
0.091261
0.0916178
0.0919691
0.0923147
0.0926544
0.0929883
0.0933162
0.0936381
0.0939539
0.0942638
0.0945676
0.0948655
0.0951575
0.0954436
0.095724
0.0959987
0.096268
0.0965318
0.0967905
0.0970442
0.0972931
0.0975374
0.0977774
0.0980133
0.0982454
0.0984738
0.0986988
0.0989206
0.136799
0.137015
0.137228
0.137438
0.137646
0.137852
0.138055
0.138256
0.138455
0.138652
0.138848
0.139043
0.139236
0.139428
0.13962
0.13981
0.139998
0.140186
0.140373
0.140558
0.140741
0.140923
0.141103
0.141281
0.141456
0.14163
0.141801
0.141969
0.142135
0.142298
0.142459
0.142617
0.142772
0.142925
0.143075
0.143222
0.143367
0.143509
0.143649
0.143787
0.143922
0.144055
0.144186
0.144315
0.144442
0.144567
0.144691
0.144813
0.144934
0.145055
0.145174
0.145293
0.145411
0.145528
0.145646
0.145763
0.14588
0.145997
0.146114
0.146231
0.146348
0.146466
0.146584
0.146702
0.14682
0.146939
0.147058
0.147177
0.147296
0.147415
0.147534
0.147652
0.147771
0.147889
0.148006
0.148123
0.148239
0.148355
0.14847
0.148584
0.148697
0.14881
0.148921
0.149032
0.149141
0.14925
0.149357
0.149463
0.149569
0.149673
0.149775
0.149877
0.149977
0.150076
0.150175
0.150272
0.150368
0.150463
0.150558
0.150651
0.150745
0.150838
0.150931
0.151024
0.151117
0.15121
0.151303
0.151397
0.15149
0.151585
0.15168
0.151775
0.151872
0.151968
0.152066
0.152164
0.152262
0.152362
0.152462
0.152562
0.152663
0.152765
0.152867
0.15297
0.153073
0.153177
0.153281
0.153385
0.15349
0.153595
0.153701
0.153806
0.153912
0.154019
0.154125
0.154232
0.154339
0.154446
0.154553
0.154661
0.154768
0.154876
0.154984
0.155092
0.155201
0.15531
0.155419
0.155528
0.117978
0.118088
0.118199
0.11831
0.118422
0.118535
0.118649
0.118763
0.118878
0.118994
0.119112
0.11923
0.119349
0.119469
0.11959
0.119712
0.119835
0.119959
0.120085
0.120211
0.120338
0.120467
0.120596
0.120726
0.120857
0.12099
0.121123
0.121257
0.121392
0.121527
0.121664
0.121801
0.12194
0.122079
0.122218
0.122359
0.1225
0.122641
0.122784
0.122927
0.12307
0.123214
0.123359
0.123504
0.12365
0.123796
0.123943
0.124091
0.124239
0.124388
0.124537
0.124688
0.124838
0.12499
0.125143
0.125296
0.12545
0.125605
0.12576
0.125917
0.126074
0.126232
0.126391
0.126551
0.126712
0.126874
0.127036
0.1272
0.127364
0.127529
0.127695
0.127861
0.128029
0.128197
0.128367
0.128537
0.128707
0.128879
0.129052
0.129225
0.129399
0.129574
0.12975
0.129926
0.130104
0.130282
0.130461
0.130641
0.130821
0.131003
0.131185
0.131368
0.131552
0.131737
0.131923
0.13211
0.132298
0.132487
0.132676
0.132867
0.133059
0.133252
0.133445
0.13364
0.133836
0.134033
0.134232
0.134431
0.134631
0.134833
0.135036
0.135239
0.135444
0.13565
0.135857
0.136065
0.136275
0.136485
0.136696
0.136909
0.137122
0.137337
0.137552
0.137769
0.137986
0.138205
0.138424
0.138644
0.138866
0.139088
0.139311
0.139535
0.13976
0.139986
0.140212
0.14044
0.140668
0.140898
0.141128
0.141359
0.141591
0.141823
0.142057
0.142292
0.142527
0.142763
0.143001
0.143239
0.143478
0.143718
0.14396
0.144202
0.144445
0.144689
0.144934
0.14518
0.145428
0.145676
0.145925
0.146175
0.146426
0.146679
0.146932
0.147186
0.147441
0.147698
0.147955
0.148213
0.148472
0.148732
0.148993
0.149255
0.149518
0.149782
0.150047
0.150312
0.150578
0.150846
0.151114
0.151382
0.151652
0.151922
0.152194
0.152466
0.152738
0.153012
0.153286
0.153561
0.153837
0.154113
0.15439
0.154668
0.154947
0.155227
0.155507
0.155788
0.15607
0.156353
0.156636
0.15692
0.157206
0.157492
0.157779
0.158067
0.158356
0.158645
0.158936
0.159228
0.159521
0.159814
0.160109
0.160405
0.160702
0.161
0.161299
0.161599
0.161901
0.162203
0.162507
0.125151
0.125458
0.125765
0.126073
0.126383
0.126694
0.127007
0.12732
0.127635
0.127951
0.128269
0.128588
0.128908
0.129229
0.129552
0.129876
0.130202
0.130528
0.130857
0.131186
0.131517
0.13185
0.132183
0.132519
0.132855
0.133193
0.133533
0.133874
0.134216
0.13456
0.134905
0.135252
0.135601
0.135951
0.136302
0.136655
0.13701
0.137366
0.137724
0.138084
0.138446
0.138809
0.139174
0.13954
0.139909
0.140279
0.140651
0.178686
0.179062
0.17944
0.179819
0.180201
0.180585
0.180971
0.181359
0.181748
0.18214
0.182534
0.18293
0.183329
0.183729
0.184131
0.184536
0.184943
0.185351
0.185763
0.186176
0.186591
0.187009
0.187429
0.187851
0.188275
0.188702
0.189131
0.189562
0.189995
0.19043
0.190868
0.191308
0.191751
0.192196
0.192643
0.193093
0.193545
0.194
0.194457
0.194917
0.195379
0.195844
0.196312
0.196783
0.197256
0.197732
0.198211
0.198693
0.199178
0.199666
0.200157
0.200651
0.201149
0.201649
0.202153
0.20266
0.203171
0.203684
0.204202
0.204723
0.205247
0.205775
0.206307
0.206842
0.207381
0.207924
0.208471
0.209021
0.209575
0.210133
0.210695
0.211261
0.211831
0.212405
0.212983
0.213565
0.214151
0.21474
0.215335
0.215933
0.216535
0.217142
0.217752
0.218367
0.218986
0.21961
0.220237
0.22087
0.221506
0.222147
0.222792
0.223442
0.224096
0.224755
0.225419
0.226087
0.22676
0.227438
0.22812
0.228807
0.2295
0.230197
0.230899
0.231606
0.232318
0.233036
0.233759
0.234486
0.23522
0.235958
0.236702
0.237451
0.238206
0.238966
0.239732
0.240504
0.241281
0.242064
0.242852
0.243646
0.244446
0.245252
0.246064
0.246881
0.247705
0.248534
0.249369
0.250211
0.251058
0.251911
0.252771
0.253636
0.254508
0.255385
0.256269
0.257159
0.258055
0.258957
0.259866
0.260781
0.261702
0.26263
0.263564
0.264504
0.265451
0.266405
0.267365
0.268332
0.269305
0.270285
0.271272
0.272265
0.273265
0.274273
0.275287
0.276308
0.277336
0.278371
0.279413
0.280463
0.281519
0.282583
0.283654
0.284733
0.285818
0.286911
0.288012
0.28912
0.290236
0.291359
0.292489
0.293628
0.294774
0.295927
0.297089
0.298258
0.299435
0.30062
0.301813
0.303013
0.304222
0.305438
0.306662
0.307895
0.309135
0.310384
0.311641
0.312906
0.314179
0.31546
0.316749
0.318047
0.319354
0.320668
0.321992
0.323323
0.324664
0.326012
0.32737
0.328736
0.330112
0.444476
0.445869
0.447271
0.448682
0.450102
0.451532
0.45297
0.454418
0.455875
0.457341
0.458817
0.460302
0.461797
0.463301
0.464815
0.466338
0.467871
0.469414
0.357986
0.359548
0.36112
0.362701
0.364293
0.365894
0.367505
0.369126
0.370757
0.372398
0.374049
0.375709
0.37738
0.379061
0.380752
0.382453
0.384164
0.385886
0.387617
0.389359
0.391111
0.392874
0.394647
0.396431
0.398225
0.400029
0.401844
0.40367
0.405506
0.407353
0.40921
0.411079
0.412957
0.414847
0.416747
0.418659
0.42058
0.422513
0.424456
0.42641
0.428375
0.43035
0.432336
0.434333
0.43634
0.438358
0.440386
0.442425
0.444474
0.446534
0.448604
0.450684
0.452775
0.454877
0.456988
0.45911
0.461242
0.463384
0.465536
0.467699
0.469871
0.472054
0.474247
0.47645
0.478662
0.480885
0.483118
0.48536
0.487612
0.489874
0.492146
0.494427
0.496718
0.499018
0.501327
0.503645
0.505973
0.508309
0.510654
0.513008
0.51537
0.51774
0.520119
0.522505
0.524899
0.527301
0.529709
0.532125
0.534547
0.536976
0.539411
0.541852
0.544299
0.546752
0.54921
0.551673
0.554141
0.556614
0.559091
0.561573
0.564059
0.566549
0.569043
0.57154
0.574041
0.576545
0.579053
0.581564
0.584078
0.586595
0.589115
0.591637
0.594162
0.59669
0.59922
0.601752
0.604286
0.606822
0.609361
0.6119
0.614441
0.616984
0.619528
0.622072
0.624617
0.627163
0.629709
0.632256
0.634802
0.637347
0.639892
0.642436
0.644979
0.64752
0.65006
0.652598
0.655133
0.657666
0.660196
0.662723
0.665247
0.667768
0.670285
0.672799
0.675309
0.677815
0.680316
0.682814
0.685307
0.687796
0.69028
0.692759
0.695234
0.697705
0.70017
0.702631
0.705087
0.707538
0.709984
0.712426
0.714862
0.717294
0.719721
0.722142
0.724559
0.726971
0.729378
0.731779
0.734176
0.736567
0.738952
0.741333
0.743707
0.746076
0.748439
0.750796
0.753147
0.755491
0.757829
0.760161
0.762485
0.764803
0.767114
0.769417
0.771713
0.774001
0.776282
0.778556
0.780821
0.783078
0.785328
0.787569
0.902783
0.905008
0.907225
0.909433
0.911634
0.913826
0.91601
0.918186
0.920353
0.922512
0.924664
0.926807
0.928942
0.931069
0.933188
0.935299
0.937402
0.939497
0.941585
0.943664
0.945736
0.947801
0.949857
0.951906
0.953947
0.95598
0.958005
0.960023
0.962033
0.964034
0.966028
0.968014
0.969992
0.971961
0.973922
0.975875
0.977819
0.979755
0.981682
0.983601
0.985511
0.987413
0.989306
0.99119
0.993065
0.994931
0.996789
0.998638
1.00048
1.00231
1.00413
1.00595
1.00775
1.00955
1.01134
1.01312
1.01489
1.01666
1.01842
1.05783
1.05957
1.06131
1.06303
1.06476
1.06647
1.06818
1.06988
1.07158
1.07327
1.07495
1.07663
1.0783
1.07997
1.08163
1.08328
1.08494
1.08658
1.08822
1.08986
1.09149
1.09312
1.09474
1.09636
1.09797
1.09958
1.10118
1.10278
1.10438
1.10597
1.10756
1.10914
1.11072
1.11229
1.11386
1.11543
1.11699
1.11855
1.12011
1.12166
1.1232
1.12475
1.12629
1.12782
1.12935
1.13088
1.1324
1.13392
1.13544
1.13695
1.13846
1.13997
1.14147
1.14297
1.14446
1.14595
1.14744
1.14893
1.15041
1.15188
1.15336
1.15483
1.15629
1.15776
1.15922
1.16068
1.16213
1.16358
1.16503
1.16647
1.16791
1.16935
1.17078
1.17221
1.17364
1.17507
1.17649
1.17791
1.17932
1.18074
1.18215
1.18355
1.18496
1.18636
1.18775
1.18915
1.19054
1.19192
1.19331
1.19469
1.19607
1.19744
1.19881
1.20018
1.20154
1.2029
1.20426
1.20561
1.20696
1.20831
1.20965
1.21099
1.21233
1.21366
1.21499
1.21631
1.21763
1.10597
1.10728
1.10859
1.1099
1.1112
1.1125
1.1138
1.11509
1.11638
1.11767
1.11895
1.12023
1.12151
1.12279
1.12406
1.12533
1.1266
1.12786
1.12913
1.13039
1.13165
1.13291
1.13416
1.13541
1.13666
1.13791
1.13916
1.14041
1.14165
1.14289
1.14413
1.14536
1.1466
1.14783
1.14906
1.15028
1.1515
1.15272
1.15394
1.15515
1.15636
1.15757
1.15877
1.15997
1.16116
1.16235
1.16353
1.16471
1.16589
1.16706
1.16823
1.16939
1.17054
1.17169
1.17283
1.17397
1.17511
1.17624
1.17736
1.17848
1.17959
1.1807
1.1818
1.1829
1.184
1.18509
1.18617
1.18725
1.18833
1.1894
1.19046
1.19153
1.19258
1.19364
1.19469
1.19573
1.19677
1.19781
1.19884
1.19987
1.20089
1.20191
1.20292
1.20393
1.20493
1.20593
1.20692
1.20791
1.20889
1.20987
1.21084
1.2118
1.21276
1.21371
1.21465
1.21559
1.21652
1.21745
1.21837
1.21928
1.22018
1.22108
1.22197
1.22286
1.22374
1.22461
1.22548
1.22634
1.22719
1.22804
1.22889
1.22973
1.23056
1.23139
1.23222
1.23304
1.23386
1.23468
1.23549
1.23629
1.2371
1.2379
1.2387
1.2395
1.24029
1.24109
1.24188
1.24266
1.24345
1.24424
1.24502
1.2458
1.24658
1.24736
1.24814
1.24891
1.24969
1.25046
1.25123
1.252
1.25277
1.25353
1.2543
1.25506
1.25582
1.25658
1.25734
1.2581
1.25885
1.2596
1.26035
1.2611
1.26185
1.2626
1.26335
1.26409
1.26484
1.26558
1.26632
1.26706
1.26781
1.26855
1.26929
1.27003
1.27077
1.27151
1.27226
1.273
1.27374
1.27449
1.27523
1.27598
1.27673
1.27748
1.27823
1.27898
1.27973
1.28049
1.28124
1.282
1.28276
1.28352
1.28428
1.28504
1.2858
1.28657
1.28733
1.2881
1.28886
1.28963
1.2904
1.29116
1.29193
1.2927
1.29347
1.29423
1.295
1.29577
1.29653
1.2973
1.29806
1.29883
1.29959
1.30036
1.30112
1.30188
1.30264
1.3034
1.30416
1.30492
1.30568
1.30644
1.3072
1.30796
1.30871
1.42245
1.42321
1.42396
1.42472
1.42547
1.42622
1.42698
1.42773
1.42848
1.42924
1.42999
1.43074
1.43149
1.43224
1.433
1.43375
1.4345
1.43525
1.436
1.43675
1.43749
1.43824
1.43899
1.43974
1.44048
1.44123
1.44197
1.44272
1.44346
1.44421
1.44495
1.44569
1.44643
1.44717
1.44791
1.44865
1.44939
1.45013
1.45087
1.45161
1.45235
1.45309
1.45383
1.45457
1.45531
1.45606
1.4568
1.45755
1.45829
1.45904
1.45979
1.46054
1.4613
1.46205
1.46281
1.46357
1.46434
1.46511
1.46587
1.46665
1.46742
1.4682
1.46898
1.46977
1.47055
1.47134
1.47214
1.47293
1.47373
1.47454
1.47534
1.47615
1.47696
1.47778
1.4786
1.47942
1.48024
1.48107
1.4819
1.48273
1.48357
1.4844
1.48525
1.48609
1.48694
1.48779
1.48865
1.48951
1.49037
1.49124
1.49211
1.49298
1.49386
1.49474
1.49563
1.49652
1.49741
1.49831
1.49921
1.50012
1.50103
1.50194
1.50286
1.50379
1.50471
1.50565
1.50658
1.50752
1.50846
1.50941
1.51036
1.51132
1.51228
1.51324
1.5142
1.51517
1.51615
1.51712
1.5181
1.51908
1.52006
1.52105
1.52203
1.52302
1.52402
1.52501
1.52601
1.52701
1.52801
1.52901
1.53002
1.53103
1.53204
1.53305
1.53406
1.53508
1.5361
1.53713
1.53815
1.53918
1.54022
1.54125
1.54229
1.54334
1.54438
1.54543
1.54648
1.54754
1.5486
1.54966
1.55072
1.55179
1.55286
1.55393
1.55501
1.55608
1.74546
1.74654
1.74762
1.7487
1.74978
1.75086
1.75194
1.75302
1.7541
1.75519
1.75627
1.75734
1.75842
1.7595
1.76058
1.76165
1.76272
1.7638
1.76487
1.76594
1.767
1.76807
1.76913
1.7702
1.77126
1.77232
1.77338
1.77444
1.7755
1.77656
1.77762
1.77869
1.77975
1.78081
1.78187
1.78294
1.784
1.78507
1.78614
1.78721
1.78829
1.78937
1.79045
1.79153
1.79262
1.79371
1.7948
1.7959
1.797
1.7981
1.79921
1.80031
1.80142
1.80253
1.80365
1.80476
1.80588
1.807
1.80812
1.80924
1.81036
1.81148
1.8126
1.81372
1.81484
1.81596
1.81707
1.81819
1.81931
1.82042
1.82154
1.82265
1.82376
1.82487
1.82598
1.82708
1.82819
1.82929
1.83039
1.83149
1.83259
1.83369
1.83479
1.83588
1.83698
1.83808
1.83917
1.84027
1.84137
1.84246
1.84356
1.84466
1.84577
1.84687
1.84798
1.84909
1.8502
1.85131
1.85243
1.85355
1.85467
1.8558
1.85693
1.85806
1.8592
1.86034
1.86148
1.86262
1.86377
1.86492
1.86608
1.86723
1.86839
1.86955
1.87071
1.87187
1.87304
1.8742
1.87537
1.87654
1.87771
1.87888
1.88005
1.88122
1.8824
1.88357
1.88475
1.88593
1.88711
1.88829
1.88947
1.89065
1.89183
1.89302
1.89421
1.8954
1.89659
1.89778
1.89898
1.90017
1.90137
1.90258
1.90378
1.90499
1.9062
1.90742
1.90863
1.90985
1.91108
1.9123
1.91353
1.91476
1.916
1.91724
1.91848
1.91972
1.92096
1.92221
1.92345
1.9247
1.92595
1.9272
1.92844
1.92969
1.93094
1.93219
1.93344
1.93468
1.93593
1.93717
1.93841
1.93965
1.94089
1.94213
1.94337
1.9446
1.94583
1.94706
1.9483
1.94952
1.95075
1.95198
1.95321
1.95443
1.95566
1.95689
1.95811
1.95934
1.96057
1.9618
1.96303
1.96426
1.9655
1.96673
1.96798
1.96922
1.97047
1.97172
1.97297
1.97423
1.97549
1.97676
1.97804
1.97931
1.9806
1.98188
1.98318
1.98448
1.98578
1.98709
1.9884
1.98971
1.99104
1.99236
1.99369
1.99502
1.99636
1.9977
1.99905
2.0004
2.00175
2.00311
2.00447
2.00584
2.00721
2.00858
2.00995
2.01133
2.01272
2.01411
2.0155
2.0169
2.0183
2.0197
2.02111
2.02252
2.02394
2.02536
2.02679
2.02822
2.02966
2.0311
2.03255
2.034
2.03545
2.03692
2.03838
2.03986
2.04134
2.04282
2.04431
2.04581
1.85901
1.86052
1.86203
1.86355
1.86507
1.8666
1.86814
1.86968
1.87122
1.87277
1.87432
1.87588
1.87744
1.879
1.88056
1.88213
1.8837
1.88527
1.88684
1.88841
1.88998
1.89155
1.89312
1.89469
1.89626
1.89782
1.89939
1.90095
1.90251
1.90407
1.90562
1.90717
1.90872
1.91027
1.91181
1.91335
1.91489
1.91642
1.91795
1.91948
1.921
1.92252
1.92404
1.92555
1.92706
1.92858
1.93008
1.93159
1.9331
1.9346
1.93611
1.93761
1.93912
1.94063
1.94213
1.94364
1.94515
1.94666
1.94818
1.94969
1.95121
1.95273
1.95425
1.95578
1.95731
1.95884
1.96037
1.9619
1.96344
1.96498
1.96652
1.96806
1.9696
1.97114
1.97269
1.97423
1.97577
1.97731
1.97886
1.9804
1.98194
1.98347
1.98501
1.98655
1.98808
1.98961
1.99114
1.99266
1.99418
1.9957
1.99722
1.99874
2.00025
2.00176
2.00327
2.00478
2.00629
2.00779
2.0093
2.0108
2.01231
2.01381
2.01532
2.01682
2.01833
2.01984
2.02136
2.02287
2.02439
2.02592
2.02745
2.02898
2.03052
2.03206
2.03361
2.03516
2.03672
2.03828
2.03985
2.04143
2.04301
2.04459
2.04619
2.04778
2.04938
2.05099
2.05259
2.05421
2.05582
2.05744
2.05906
2.06068
2.06231
2.06393
2.06556
2.06718
2.06881
2.07044
2.07207
2.07369
2.07532
2.07695
2.07857
2.08019
2.08182
2.08344
2.08505
2.08667
2.08829
2.0899
2.09151
2.09312
2.09473
2.09634
2.09795
2.09955
2.10116
2.10276
2.10436
2.10597
2.10757
2.10917
2.11077
2.11237
2.11397
2.11557
2.11717
2.11877
2.12037
2.12198
2.12358
2.12518
2.12678
2.12838
2.12998
2.13158
2.13318
2.13477
2.13637
2.13797
2.13956
2.14116
2.14275
2.14434
2.14593
2.14751
2.14909
2.15067
2.15225
2.15382
2.15539
2.15695
2.15851
2.16006
2.16161
2.16315
2.16469
2.16622
2.16775
2.16927
2.17078
2.17229
2.17379
2.17528
2.17677
2.17826
2.17973
2.18121
2.18267
2.18413
2.18559
2.18703
2.18848
2.18991
2.19134
2.19277
2.19419
2.1956
2.19701
2.19842
2.19981
2.2012
2.20259
2.20397
2.20534
2.20671
2.20807
2.20943
2.21077
2.21211
2.21345
2.21477
2.21609
2.21741
2.21871
2.22001
2.2213
2.22258
2.22385
2.22511
2.22637
2.22762
2.22886
2.23009
2.23131
2.23252
2.23373
2.23493
2.23612
2.2373
2.23847
2.23964
2.24081
2.24196
2.24311
2.24426
2.2454
2.24654
2.24768
2.24881
2.24994
2.25107
2.2522
2.25333
2.25446
2.25559
2.25672
2.25785
2.25899
2.26013
2.26127
2.26241
2.26356
2.26472
2.26587
2.26704
2.2682
2.26938
2.27056
2.27174
2.27293
2.27412
2.27532
2.27653
2.27774
2.27895
2.28018
2.2814
2.28263
2.28387
2.28511
2.28635
2.2876
2.28885
2.29011
2.29137
2.29263
2.29389
2.29515
2.29642
2.29769
2.29896
2.30023
2.30151
2.30278
2.30406
2.30534
2.30662
2.3079
2.30918
2.31046
2.31175
2.31304
2.31433
2.31562
2.31691
2.31821
2.31951
2.32081
2.32211
2.32342
2.32473
2.32605
2.32736
2.32868
2.33001
2.33133
2.33266
2.33399
2.37299
2.37432
2.37566
2.377
2.37834
2.37969
2.38103
2.38238
2.38373
2.38507
2.38642
2.38777
2.38911
2.39046
2.3918
2.39314
2.39449
2.39582
2.39716
2.39849
2.39982
2.40115
2.40247
2.40379
2.4051
2.40641
2.40772
2.40902
2.41032
2.41161
2.4129
2.41418
2.41546
2.41674
2.41801
2.41928
2.42055
2.42181
2.42307
2.42432
2.42558
2.42683
2.42808
2.42933
2.43058
2.43183
2.43307
2.43432
2.43556
2.43681
2.43805
2.43929
2.44054
2.44178
2.44303
2.44427
2.44551
2.44675
2.448
2.44924
2.45048
2.45172
2.45296
2.45419
2.45543
2.45666
2.45789
2.45912
2.46034
2.46156
2.46278
2.46399
2.4652
2.4664
2.4676
2.4688
2.46999
2.47117
2.47235
2.47352
2.47469
2.47585
2.47701
2.47817
2.47932
2.48047
2.48161
2.48276
2.4839
2.48503
2.48617
2.48731
2.48844
2.48958
2.49071
2.49184
2.49298
2.49412
2.49525
2.49639
2.49753
2.49868
2.49982
2.50097
2.50212
2.50327
2.50443
2.50559
2.50675
2.50791
2.50908
2.51025
2.51142
2.5126
2.51377
2.40197
2.40315
2.40433
2.36785
2.36903
2.37021
2.37138
2.37256
2.37373
2.3749
2.37607
2.37723
2.37839
2.37954
2.38069
2.38183
2.38297
2.38411
2.38523
2.38636
2.38747
2.38859
2.38969
2.3908
2.3919
2.39299
2.39408
2.39517
2.39625
2.39733
2.39841
2.39949
2.40056
2.40163
2.4027
2.40377
2.40484
2.4059
2.40696
2.40802
2.40908
2.41014
2.41119
2.41224
2.41329
2.41434
2.41538
2.41641
2.41745
2.41848
2.4195
2.42052
2.42153
2.42254
2.42354
2.42453
2.42552
2.4265
2.42748
2.42844
2.4294
2.43035
2.43129
2.43223
2.43316
2.43407
2.43499
2.43589
2.43679
2.43767
2.43855
2.43943
2.4403
2.44116
2.44201
2.44286
2.44371
2.44455
2.44539
2.44622
2.44705
2.44787
2.4487
2.44952
2.45034
2.45115
2.45197
2.45279
2.45361
2.45442
2.45524
2.45606
2.45688
2.4577
2.45852
2.45934
2.46016
2.46098
2.4618
2.46263
2.46345
2.46427
2.46509
2.46592
2.46673
2.46755
2.46837
2.46918
2.46999
2.47079
2.47159
2.47239
2.47318
2.47396
2.47473
2.4755
2.47626
2.47701
2.47775
2.47848
2.4792
2.47992
2.48062
2.48131
2.48199
2.48266
2.48331
2.48396
2.4846
2.48522
2.48584
2.48645
2.48704
2.48763
2.48821
2.48878
2.48934
2.4899
2.49045
2.49099
2.49152
2.49205
2.49257
2.49309
2.4936
2.49411
2.49462
2.49512
2.49561
2.4961
2.49659
2.49708
2.49756
2.49804
2.49851
2.49899
2.49946
2.6129
2.61337
2.61383
2.61429
2.61475
2.6152
2.61565
2.6161
2.61655
2.61699
2.61743
2.61787
2.6183
2.61873
2.61916
2.61958
2.62
2.62042
2.62083
2.62124
2.62164
2.62204
2.62244
2.62284
2.62323
2.62361
2.624
2.62438
2.62476
2.62514
2.62552
2.62589
2.62626
2.62663
2.627
2.62737
2.62774
2.62811
2.62848
2.62884
2.62921
2.62958
2.62994
2.63031
2.63067
2.63104
2.6314
2.63176
2.63213
2.63249
2.63285
2.63321
2.63357
2.63393
2.63428
2.63464
2.63499
2.63535
2.6357
2.63605
2.63639
2.63674
2.63709
2.63743
2.63777
2.63811
2.63845
2.63878
2.63912
2.63945
2.63978
2.64011
2.64044
2.64077
2.6411
2.64142
2.64175
2.64207
2.64239
2.64271
2.64303
2.64335
2.64367
2.64399
2.64431
2.64463
2.64495
2.64527
2.64559
2.64591
2.64622
2.64654
2.64686
2.64717
2.64749
2.64781
2.64812
2.64844
2.64875
2.64907
2.64938
2.64969
2.65001
2.65032
2.65063
2.65094
2.65124
2.65155
2.65185
2.65215
2.65245
2.65275
2.65305
2.65334
2.65363
2.65391
2.6542
2.65448
2.65476
2.65503
2.65531
2.65558
2.65584
2.65611
2.65637
2.65663
2.65689
2.65714
2.65739
2.65764
2.65789
2.65814
2.84669
2.84693
2.84718
2.84742
2.65936
2.65961
2.65985
2.66009
2.66034
2.66059
2.66084
2.66109
2.66135
2.6616
2.66187
2.66213
2.6624
2.66268
2.66295
2.66324
2.66353
2.66383
2.66413
2.66444
2.66475
2.66507
2.6654
2.66573
2.66607
2.66641
2.66676
2.66711
2.66748
2.66784
2.66821
2.66859
2.66897
2.66935
2.66974
2.67013
2.67052
2.67092
2.67132
2.67173
2.67214
2.67255
2.67296
2.67337
2.67379
2.67421
2.67463
2.67505
2.67547
2.6759
2.67632
2.67675
2.67717
2.6776
2.67802
2.67845
2.67888
2.6793
2.67973
2.68015
2.68058
2.681
2.68142
2.68185
2.68227
2.6827
2.68312
2.68355
2.68397
2.6844
2.68483
2.68527
2.68571
2.68615
2.68659
2.68704
2.6875
2.68796
2.68843
2.68891
2.6894
2.68989
2.69039
2.6909
2.69143
2.69196
2.6925
2.69306
2.69362
2.6942
2.69479
2.6954
2.69601
2.69664
2.69728
2.69793
2.6986
2.69928
2.69997
2.70068
2.70139
2.70212
2.70287
2.70362
2.70439
2.70516
2.70595
2.70674
2.70755
2.70836
2.70918
2.71001
2.71085
2.71169
2.71254
2.7134
2.71426
2.71512
2.716
2.71687
2.71775
2.71864
2.71953
2.72042
2.72132
2.72223
2.72313
2.72405
2.72497
2.72589
2.72682
2.72775
2.72869
2.72964
2.73059
2.73155
2.73251
2.73348
2.73445
2.73543
2.73642
2.73741
2.7384
2.73941
2.74042
2.74143
2.74245
2.74348
2.74451
2.74554
2.74659
2.74763
2.74868
2.74974
2.7508
2.75186
2.75293
2.754
2.75508
2.75615
2.75723
2.75831
2.7594
2.76048
2.76157
2.76265
2.76374
2.76483
2.76591
2.767
2.76808
2.76917
2.77025
2.77133
2.77241
2.7735
2.77458
2.77566
2.77674
2.77782
2.77891
2.77999
2.78108
2.78216
2.78325
2.78434
2.78544
2.78653
2.78763
2.78873
2.78983
2.79094
2.79205
2.79316
2.79428
2.79539
2.79651
2.79764
2.79876
2.79989
2.80103
2.80216
2.8033
2.80444
2.80558
2.80672
2.80787
2.80902
2.81017
2.81133
2.81249
2.81364
2.81481
2.81597
2.81714
2.81831
2.81949
2.82066
2.82184
2.82303
2.82421
2.82541
2.8266
2.8278
2.829
2.83021
2.83143
2.83265
2.83387
2.8351
2.83633
2.83757
2.83882
2.84007
2.84133
2.84259
2.84386
2.84513
2.84641
2.8477
2.84899
2.85028
2.85158
2.85288
2.85419
2.8555
2.85681
2.85813
2.85945
2.86078
2.8621
2.86343
2.86477
2.8661
2.86743
2.86877
2.87011
2.87145
2.87279
2.87413
2.87547
2.87682
2.87816
2.8795
2.88084
2.88219
2.88353
2.88488
2.88622
2.88757
2.88891
2.89026
2.89161
2.89295
2.8943
2.89565
2.897
2.89835
2.8997
2.90105
2.9024
2.90376
2.90511
2.90647
2.90783
2.90918
2.91054
2.9119
2.91326
2.91462
2.91598
2.91734
2.9187
2.92006
2.92142
2.92277
2.92413
2.92549
2.92684
2.9282
2.92955
2.9309
2.93224
2.93359
2.93493
2.93626
2.9376
2.93893
2.94026
2.94158
2.9429
2.94422
2.94553
2.94684
2.94815
2.83648
2.83778
2.83909
2.84039
2.84169
2.84299
2.84429
2.8456
2.8469
2.8482
2.84951
2.85082
2.85214
2.85345
2.85477
2.8561
2.85742
2.85876
2.86009
2.86143
2.86278
2.86413
2.86548
2.86684
2.8682
2.86957
2.87094
2.87232
2.8737
2.87508
2.87647
2.87787
2.87927
2.88068
2.88209
2.88351
2.88494
2.88637
2.88781
2.88925
2.89071
2.89217
2.89364
2.89512
2.8966
2.8981
2.8996
2.90112
2.90264
2.90418
2.90572
2.90728
2.90884
2.91041
2.912
2.91359
2.91519
2.9168
2.91842
2.92004
2.92167
2.92331
2.92496
2.92661
2.92826
2.92992
2.93158
2.93325
2.93491
2.93658
2.93825
2.93991
2.94158
2.94325
2.94491
2.94657
2.94823
2.94989
2.95154
2.95319
2.95483
2.95647
2.9581
2.95973
2.96135
2.96297
2.96458
2.96619
2.96779
2.96939
2.97099
2.97258
2.97416
2.97575
2.97732
2.9789
2.98047
2.98204
2.98361
2.98518
2.98675
2.98831
2.98987
2.99143
2.993
2.99456
2.99612
2.99767
2.99923
3.00079
3.00234
3.0039
3.00545
3.007
3.00854
3.01009
3.01163
3.01317
3.0147
3.01623
3.01776
3.01928
3.02079
3.0223
3.0238
3.0253
3.02679
3.02828
3.02976
3.03123
3.03269
3.03415
3.0356
3.03705
3.03849
3.03992
3.04135
3.04277
3.04419
3.0456
3.04701
3.04841
3.0498
3.0512
3.05259
3.05397
3.05536
3.05674
3.05812
3.05949
3.06087
3.06225
3.06362
3.06499
3.06637
3.06774
3.06912
3.0705
3.07187
3.07325
3.07463
3.07601
3.0774
3.07878
3.08017
3.08156
3.08294
3.08434
3.08573
3.08712
3.08851
3.08991
3.0913
3.0927
3.09409
3.09549
3.09688
