2.00201e-05
7.97983e-05
0.000178755
0.00031617
0.000491111
0.000702437
0.000949144
0.00122989
0.00154326
0.00188788
0.00226263
0.00266576
0.00309594
0.00355192
0.00403258
0.00453614
0.00506201
0.00560848
0.00617527
0.00676064
0.00736448
0.00798531
0.00862345
0.00927771
0.00994811
0.0106347
0.0113364
0.0120537
0.012787
0.0135365
0.0143015
0.015083
0.0158812
0.0166961
0.0175285
0.0183784
0.019246
0.0201314
0.0210351
0.0219565
0.022896
0.0238542
0.0248308
0.0258244
0.0268357
0.027864
0.0289094
0.0299702
0.0310467
0.032138
0.0332434
0.0343611
0.0354919
0.0366339
0.0377861
0.0389476
0.0401173
0.0412949
0.0424777
0.0436652
0.0448566
0.04605
0.0472446
0.0484383
0.0496307
0.05082
0.0520047
0.0531842
0.0543572
0.0555221
0.0566798
0.0578278
0.0589663
0.0600953
0.0612132
0.0623228
0.0634218
0.0645111
0.0655914
0.0666631
0.0677262
0.068783
0.0698323
0.0708749
0.0719129
0.0729453
0.0739728
0.0749973
0.0760173
0.0770339
0.0780482
0.0790591
0.0800675
0.0810728
0.0820751
0.0830742
0.0840705
0.0850633
0.0860541
0.0870409
0.0880238
0.0890037
0.0899814
0.0909543
0.0919233
0.0928905
0.0938534
0.0948114
0.0957666
0.096717
0.0976614
0.0985997
0.0995325
0.100457
0.101373
0.102281
0.103179
0.104067
0.104941
0.105805
0.106657
0.107496
0.108321
0.109132
0.109932
0.110716
0.111488
0.112246
0.112992
0.113726
0.114448
0.115159
0.11586
0.11655
0.117233
0.117906
0.118573
0.119233
0.119886
0.120534
0.121177
0.121817
0.122451
0.123084
0.123713
0.12434
0.124967
0.125591
0.126214
0.126837
0.12746
0.128083
0.128706
0.129329
0.129953
0.130577
0.131202
0.131825
0.132449
0.13307
0.133689
0.134305
0.13492
0.135528
0.136131
0.136726
0.137315
0.137896
0.138467
0.139026
0.139576
0.140111
0.140633
0.141141
0.141633
0.142109
0.142567
0.143008
0.14343
0.143834
0.144218
0.144584
0.14493
0.145256
0.145565
0.145856
0.146127
0.146381
0.146619
0.146842
0.147052
0.147247
0.147432
0.147605
0.147771
0.147929
0.148082
0.14823
0.148376
0.148521
0.148666
0.148814
0.148964
0.149118
0.149278
0.149444
0.149616
0.149798
0.149988
0.150189
0.1504
0.150622
0.150856
0.151104
0.151364
0.151639
0.151926
0.152228
0.152542
0.152869
0.153208
0.153559
0.15392
0.154289
0.154666
0.15505
0.155441
0.155836
0.156234
0.156634
0.157037
0.157441
0.157846
0.158253
0.15866
0.15907
0.159479
0.159892
0.16031
0.16073
0.161156
0.16159
0.162029
0.162479
0.16294
0.163412
0.163899
0.1644
0.164917
0.165451
0.166003
0.166574
0.167163
0.167773
0.168402
0.169052
0.16972
0.170407
0.171114
0.171838
0.17258
0.173338
0.174112
0.174901
0.175704
0.17652
0.177348
0.178186
0.179032
0.179886
0.180746
0.181609
0.182475
0.183341
0.184205
0.185065
0.18592
0.186767
0.187605
0.188433
0.189246
0.190049
0.190838
0.191611
0.19237
0.193111
0.193841
0.194555
0.195255
0.195943
0.196621
0.19729
0.197951
0.198607
0.199261
0.199911
0.200565
0.201218
0.20188
0.202546
0.203222
0.203903
0.204598
0.205304
0.206021
0.20675
0.207492
0.208247
0.209016
0.209797
0.210591
0.211396
0.212216
0.213046
0.213888
0.214741
0.215603
0.216475
0.217359
0.218249
0.219147
0.22005
0.220962
0.221873
0.222789
0.223708
0.224624
0.225543
0.22646
0.227372
0.228282
0.229189
0.230089
0.230989
0.231885
0.232778
0.233671
0.234563
0.235453
0.236347
0.237245
0.238146
0.239053
0.239968
0.240893
0.241825
0.242766
0.24372
0.244685
0.245659
0.246647
0.247642
0.248647
0.249663
0.250684
0.25171
0.252744
0.25378
0.254817
0.255853
0.256888
0.257919
0.258947
0.259964
0.260973
0.261974
0.262962
0.263937
0.264899
0.265844
0.266776
0.267688
0.268585
0.269464
0.270326
0.271168
0.271994
0.2728
0.273588
0.274358
0.275111
0.275847
0.276566
0.277273
0.277965
0.278645
0.279314
0.279974
0.280628
0.281279
0.281925
0.282571
0.283221
0.283872
0.284528
0.28519
0.285862
0.286542
0.287235
0.287935
0.288649
0.289374
0.29011
0.290858
0.291617
0.292384
0.293159
0.293942
0.294731
0.295524
0.29632
0.297118
0.297913
0.298706
0.299494
0.300276
0.30105
0.301816
0.302574
0.303319
0.304055
0.304777
0.305491
0.306193
0.306882
0.307565
0.308235
0.3089
0.30956
0.310214
0.310867
0.311521
0.312174
0.31283
0.313491
0.314163
0.314842
0.315533
0.316237
0.31696
0.317698
0.318459
0.319238
0.320039
0.320863
0.32171
0.322581
0.323476
0.324396
0.325335
0.326296
0.327279
0.328279
0.329296
0.330326
0.331371
0.332422
0.333481
0.334547
0.335612
0.336675
0.337737
0.338792
0.339839
0.340877
0.341902
0.342911
0.343905
0.344879
0.345835
0.346771
0.347682
0.348573
0.349439
0.35028
0.351094
0.351885
0.352651
0.353392
0.354112
0.35481
0.355484
0.356145
0.356787
0.357417
0.358034
0.358644
0.359246
0.359848
0.360447
0.361046
0.361649
0.362256
0.362869
0.363486
0.36411
0.364741
0.365375
0.366016
0.366658
0.367303
0.367948
0.36859
0.36923
0.369864
0.370489
0.371105
0.371708
0.372298
0.372873
0.373431
0.373968
0.374487
0.374985
0.375462
0.375912
0.37634
0.376743
0.37712
0.377472
0.377796
0.378091
0.378361
0.378604
0.378816
0.379007
0.379167
0.379303
0.379416
0.379508
0.37958
0.379635
0.379678
0.379709
0.379735
0.379758
0.379784
0.379813
0.379851
0.379902
0.379969
0.380054
0.38016
0.38029
0.380442
0.38062
0.380827
0.381056
0.38131
0.381588
0.381889
0.382213
0.382557
0.382919
0.383298
0.383694
0.384103
0.384525
0.384961
0.385404
0.385858
0.386318
0.386783
0.387253
0.387728
0.388203
0.388678
0.389153
0.389624
0.390091
0.390551
0.391002
0.391445
0.391876
0.392298
0.39271
0.393108
0.393498
0.393878
0.394249
0.394616
0.394978
0.395342
0.395704
0.396076
0.396459
0.396852
0.397264
0.397695
0.398151
0.398632
0.399143
0.399685
0.400262
0.400871
0.401515
0.402195
0.402908
0.403655
0.404433
0.405244
0.406082
0.406948
0.407836
0.408746
0.409674
0.410624
0.411582
0.41255
0.413532
0.414517
0.415504
0.416492
0.417478
0.418458
0.419436
0.4204
0.421356
0.422297
0.423225
0.424138
0.425034
0.42591
0.426774
0.427619
0.428449
0.429265
0.43007
0.430863
0.431649
0.43243
0.433212
0.433997
0.434784
0.435583
0.436395
0.437223
0.438075
0.438949
0.439847
0.440776
0.441734
0.442726
0.443752
0.444811
0.445905
0.447034
0.448194
0.44939
0.450613
0.451871
0.453153
0.45446
0.45579
0.457139
0.458504
0.459883
0.461272
0.462666
0.464064
0.465461
0.466858
0.468244
0.469623
0.470991
0.472344
0.473678
0.474999
0.476298
0.477576
0.478832
0.480068
0.48128
0.482471
0.48364
0.484794
0.485924
0.48704
0.488144
0.489231
0.490311
0.491384
0.492454
0.493521
0.494587
0.495657
0.496733
0.497817
0.498907
0.500005
0.501118
0.50224
0.503375
0.50452
0.505675
0.506841
0.508019
0.509205
0.510395
0.511593
0.512797
0.514005
0.51521
0.516416
0.517617
0.51882
0.520012
0.521199
0.522376
0.523545
0.5247
0.525846
0.526977
0.528094
0.529196
0.530285
0.531358
0.532415
0.533457
0.534482
0.535496
0.536491
0.537474
0.538448
0.539407
0.540356
0.541296
0.542234
0.543166
0.544095
0.545025
0.545959
0.546897
0.54784
0.548791
0.549755
0.550731
0.551716
0.552714
0.553726
0.554751
0.555788
0.556841
0.557901
0.558976
0.560059
0.561151
0.562249
0.563351
0.56446
0.565572
0.566685
0.567797
0.568912
0.570023
0.571132
0.572238
0.57334
0.574437
0.575526
0.57661
0.577687
0.578755
0.579816
0.580863
0.581902
0.582927
0.583938
0.584935
0.585917
0.586885
0.587832
0.588762
0.589677
0.590569
0.591449
0.592308
0.593154
0.593982
0.594799
0.595602
0.596389
0.597169
0.597942
0.598704
0.59946
0.600214
0.60096
0.601702
0.602444
0.603183
0.603915
0.604645
0.605371
0.606092
0.606806
0.607513
0.608212
0.608901
0.609581
0.610246
0.6109
0.611537
0.612155
0.612761
0.613347
0.613913
0.61446
0.614986
0.615489
0.61597
0.616423
0.616855
0.61726
0.617636
0.617987
0.618308
0.618603
0.618869
0.619107
0.619312
0.619496
0.619649
0.619777
0.61988
0.619964
0.620026
0.62007
0.620103
0.620121
0.62013
0.620137
0.62014
0.620142
0.620147
0.620157
0.620179
0.620213
0.620257
0.620316
0.620395
0.620491
0.620608
0.620744
0.6209
0.621079
0.621277
0.621495
0.621735
0.621994
0.622269
0.622561
0.622868
0.623188
0.623521
0.623863
0.624209
0.624563
0.624919
0.625277
0.625633
0.625987
0.626332
0.62667
0.626998
0.627311
0.627613
0.627898
0.628167
0.628415
0.628644
0.628852
0.629042
0.629213
0.629363
0.629495
0.629613
0.629712
0.629803
0.629881
0.629949
0.630013
0.630073
0.630132
0.630193
0.630256
0.630326
0.630405
0.630491
0.630588
0.630699
0.630819
0.630953
0.6311
0.631259
0.631433
0.63162
0.631818
0.632029
0.632247
0.632477
0.632715
0.632955
0.633203
0.633454
0.633701
0.63395
0.634188
0.634422
0.634648
0.63486
0.635057
0.635237
0.6354
0.635542
0.635662
0.63576
0.635834
0.635885
0.635913
0.63592
0.6359
0.635863
0.635808
0.635736
0.635644
0.635544
0.635432
0.635312
0.635187
0.635061
0.634936
0.634814
0.634698
0.634595
0.634507
0.634432
0.634378
0.634341
0.63433
0.634342
0.63438
0.634441
0.634533
0.634649
0.634786
0.634955
0.635147
0.635362
0.6356
0.635861
0.636139
0.636437
0.63675
0.637077
0.63742
0.637766
0.638124
0.638489
0.638857
0.639226
0.639599
0.639969
0.640343
0.640716
0.64109
0.641465
0.641843
0.642224
0.64261
0.643
0.643401
0.643807
0.644224
0.644654
0.645098
0.645554
0.646023
0.646502
0.647
0.647513
0.648042
0.648584
0.649149
0.649724
0.650323
0.650934
0.651566
0.652218
0.652885
0.653571
0.654272
0.654992
0.65573
0.656479
0.657244
0.658021
0.658807
0.659606
0.660411
0.661226
0.662042
0.662859
0.663677
0.664492
0.665305
0.666107
0.666903
0.667687
0.668461
0.669221
0.669971
0.670703
0.671428
0.67214
0.672842
0.673529
0.674214
0.674896
0.675569
0.676244
0.676917
0.677596
0.678276
0.678963
0.679655
0.680353
0.681061
0.681775
0.682497
0.683223
0.683962
0.684701
0.685451
0.686201
0.686958
0.687721
0.688483
0.689253
0.690023
0.690802
0.691579
0.692365
0.69315
0.69394
0.694736
0.695535
0.696337
0.697141
0.697947
0.698758
0.699569
0.700379
0.701189
0.701996
0.7028
0.703605
0.704402
0.705198
0.705987
0.706776
0.707563
0.708354
0.709136
0.709927
0.710718
0.711521
0.712328
0.713147
0.71398
0.714827
0.715692
0.71657
0.717467
0.718382
0.719315
0.720263
0.721227
0.722203
0.72319
0.724187
0.725191
0.726192
0.727197
0.728194
0.729182
0.730162
0.731122
0.73207
0.732999
0.733905
0.73479
0.735654
0.736491
0.737303
0.738091
0.738853
0.73959
0.740305
0.740993
0.74166
0.742303
0.742925
0.743524
0.7441
0.744657
0.745199
0.74572
0.746228
0.74672
0.7472
0.747672
0.748134
0.748592
0.749051
0.749507
0.749968
0.750436
0.750912
0.751399
0.7519
0.752418
0.752951
0.7535
0.754066
0.754654
0.755251
0.755871
0.756502
0.757151
0.757807
0.758475
0.759148
0.759824
0.760505
0.761184
0.761862
0.762532
0.763196
0.763851
0.764497
0.76513
0.76575
0.76636
0.766953
0.767533
0.768099
0.768653
0.769192
0.769718
0.770233
0.770741
0.771236
0.771727
0.772211
0.77269
0.773169
0.773649
0.774133
0.774621
0.775117
0.775623
0.776142
0.776677
0.777231
0.777802
0.778394
0.779012
0.779657
0.780329
0.781025
0.781752
0.782508
0.78329
0.7841
0.78494
0.785801
0.786686
0.787591
0.788511
0.789445
0.790391
0.791341
0.792298
0.793254
0.79421
0.79516
0.796102
0.79704
0.797963
0.798875
0.799775
0.800663
0.801534
0.802387
0.803226
0.804047
0.804851
0.805642
0.806415
0.807173
0.80792
0.808652
0.809379
0.810097
0.81081
0.811523
0.812235
0.81295
0.813674
0.814405
0.815146
0.815902
0.816671
0.817459
0.818263
0.819088
0.819934
0.820802
0.821689
0.822598
0.823526
0.824474
0.825442
0.826418
0.827412
0.828422
0.829433
0.830457
0.831481
0.832504
0.833527
0.834547
0.835557
0.836564
0.837557
0.838542
0.839511
0.840469
0.841414
0.842343
0.84326
0.84416
0.845046
0.845918
0.846777
0.847616
0.848441
0.84925
0.850043
0.85082
0.851583
0.85233
0.853065
0.85378
0.854487
0.85518
0.855866
0.856537
0.857203
0.857864
0.858521
0.859175
0.859829
0.860485
0.861146
0.86181
0.862483
0.863165
0.863857
0.864563
0.865282
0.866013
0.866761
0.867522
0.868296
0.869091
0.869899
0.870722
0.871557
0.872407
0.873266
0.87414
0.875021
0.875913
0.876811
0.877717
0.878629
0.879545
0.880471
0.881395
0.882328
0.88326
0.884196
0.885129
0.886064
0.886997
0.887923
0.888843
0.889762
0.890669
0.891567
0.892459
0.893336
0.894203
0.895065
0.895907
0.896744
0.897565
0.898377
0.89918
0.899979
0.900763
0.901544
0.902322
0.903094
0.903863
0.90463
0.905396
0.906163
0.906931
0.9077
0.908469
0.909245
0.91002
0.910803
0.911592
0.912384
0.913188
0.913996
0.914815
0.91564
0.916476
0.917327
0.918184
0.919058
0.919938
0.920834
0.921743
0.922663
0.923591
0.924531
0.925477
0.92643
0.927389
0.928353
0.929315
0.93028
0.931235
0.932187
0.933131
0.934061
0.934982
0.935884
0.936769
0.937637
0.938483
0.939309
0.940119
0.940906
0.94167
0.942418
0.943143
0.943857
0.944553
0.945234
0.945903
0.946566
0.94722
0.947872
0.948522
0.949172
0.949826
0.950492
0.951167
0.951853
0.952554
0.953282
0.954029
0.954805
0.955606
0.956442
0.957312
0.958215
0.959154
0.960133
0.961149
0.962202
0.96329
0.964412
0.965568
0.96675
0.967961
0.969195
0.970448
0.971719
0.973004
0.974298
0.975599
0.976902
0.978206
0.979505
0.980799
0.982081
0.983354
0.984617
0.985869
0.987105
0.98833
0.989538
0.990733
0.991912
0.993085
0.994245
0.995396
0.996536
0.997675
0.998803
0.999932
1.00106
1.00219
1.00332
1.00446
1.00561
1.00676
1.00793
1.00912
1.01032
1.01154
1.01278
1.01405
1.01534
1.01666
1.01799
1.01936
1.02074
1.02215
1.02358
1.02502
1.02647
1.02793
1.0294
1.03087
1.03232
1.03377
1.03519
1.03659
1.03796
1.03929
1.04059
1.04184
1.04304
1.04419
1.04529
1.04633
1.04732
1.04824
1.04913
1.04996
1.05074
1.05148
1.05217
1.05283
1.05346
1.05405
1.05462
1.05517
1.0557
1.05623
1.05674
1.05726
1.05777
1.0583
1.05883
1.05938
1.05995
1.06054
1.06115
1.06179
1.06246
1.06315
1.06388
1.06463
1.06542
1.06623
1.06707
1.06794
1.06883
1.06973
1.07064
1.07157
1.0725
1.07343
1.07435
1.07527
1.07616
1.07704
1.07789
1.07872
1.07951
1.08028
1.081
1.08168
1.08231
1.08291
1.08347
1.08399
1.08448
1.08492
1.08534
1.08573
1.0861
1.08645
1.08679
1.08713
1.08746
1.0878
1.08814
1.08851
1.08889
1.08929
1.08972
1.09018
1.09067
1.09119
1.09174
1.09232
1.09294
1.09359
1.09427
1.09498
1.09571
1.09647
1.09725
1.09806
1.09887
1.09971
1.10055
1.1014
1.10226
1.10311
1.10397
1.10481
1.10565
1.10646
1.10726
1.10804
1.10878
1.10949
1.11017
1.11081
1.11141
1.11197
1.11248
1.11296
1.11339
1.11377
1.11412
1.11443
1.11472
1.11497
1.1152
1.11541
1.11561
1.1158
1.116
1.1162
1.11642
1.11666
1.11692
1.11721
1.11754
1.11791
1.11833
1.11878
1.11929
1.11985
1.12046
1.12112
1.12183
1.12258
1.12338
1.12423
1.12511
1.12603
1.12698
1.12795
1.12895
1.12997
1.13101
1.13205
1.13309
1.13414
1.13518
1.13621
1.13723
1.13823
1.13921
1.14016
1.14109
1.14199
1.14285
1.14369
1.14448
1.14524
1.14597
1.14667
1.14733
1.14796
1.14857
1.14915
1.14972
1.15027
1.15081
1.15135
1.15189
1.15244
1.15299
1.15357
1.15417
1.1548
1.15545
1.15614
1.15687
1.15765
1.15845
1.15931
1.1602
1.16114
1.16212
1.16313
1.16419
1.16527
1.16638
1.16751
1.16867
1.16983
1.171
1.17218
1.17335
1.17451
1.17566
1.17678
1.17788
1.17894
1.17998
1.18098
1.18193
1.18284
1.18371
1.18452
1.18529
1.18602
1.1867
1.18733
1.18792
1.18847
1.18898
1.18946
1.18991
1.19034
1.19074
1.19112
1.19149
1.19186
1.19224
1.19261
1.193
1.1934
1.19382
1.19427
1.19475
1.19527
1.19583
1.19643
1.19708
1.19777
1.19852
1.19932
1.20016
1.20105
1.20199
1.20297
1.204
1.20507
1.20618
1.20731
1.20847
1.20966
1.21087
1.21209
1.21332
1.21456
1.2158
1.21704
1.21827
1.21949
1.22071
1.22192
1.22311
1.22429
1.22545
1.22661
1.22775
1.22887
1.22999
1.2311
1.2322
1.23329
1.23438
1.23546
1.23654
1.23763
1.23871
1.2398
1.2409
1.24201
1.24313
1.24426
1.2454
1.24657
1.24774
1.24894
1.25015
1.25138
1.25262
1.25388
1.25515
1.25643
1.25772
1.25902
1.26032
1.26162
1.26293
1.26423
1.26553
1.26681
1.26808
1.26934
1.27057
1.27178
1.27297
1.27413
1.27526
1.27636
1.27744
1.27848
1.27949
1.28047
1.28142
1.28234
1.28324
1.28411
1.28496
1.28579
1.28662
1.28742
1.28822
1.28901
1.2898
1.29059
1.29139
1.2922
1.29302
1.29385
1.2947
1.29557
1.29646
1.29737
1.29831
1.29927
1.30025
1.30124
1.30226
1.3033
1.30435
1.30542
1.30648
1.30757
1.30866
1.30974
1.31083
1.31192
1.313
1.31408
1.31515
1.31621
1.31726
1.31831
1.31934
1.32037
1.32138
1.32238
1.32338
1.32436
1.32534
1.32632
1.32728
1.32825
1.32921
1.33018
1.33115
1.33212
1.33311
1.33411
1.33513
1.33616
1.33722
1.33831
1.33943
1.34059
1.34178
1.34302
1.34429
1.34561
1.34697
1.34838
1.34982
1.35131
1.35283
1.35438
1.35596
1.35756
1.35918
1.36082
1.36246
1.36412
1.36576
1.36741
1.36904
1.37065
1.37226
1.37383
1.37539
1.3769
1.37839
1.37986
1.38128
1.38267
1.38403
1.38535
1.38664
1.38789
1.38911
1.3903
1.39147
1.3926
1.39371
1.3948
1.39586
1.39691
1.39795
1.39898
1.40001
1.40103
1.40206
1.40309
1.40414
1.40519
1.40626
1.40736
1.40847
1.4096
1.41075
1.41193
1.41312
1.41433
1.41555
1.41678
1.41801
1.41925
1.42049
1.42173
1.42296
1.42418
1.4254
1.4266
1.42778
1.42895
1.43011
1.43125
1.43238
1.43349
1.43459
1.43568
1.43677
1.43785
1.43893
1.44001
1.44111
1.44221
1.44332
1.44445
1.44561
1.44679
1.44799
1.44924
1.45052
1.45185
1.45322
1.45464
1.4561
1.45762
1.45921
1.46085
1.46255
1.46431
1.46614
1.46801
1.46996
1.47196
1.474
1.47611
1.47826
1.48045
1.48267
1.48492
1.4872
1.4895
1.49181
1.49413
1.49644
1.49875
1.50105
1.50334
1.50562
1.50786
1.51008
1.51227
1.51443
1.51655
1.51863
1.52067
1.52267
1.52462
1.52653
1.52838
1.53019
1.53196
1.53368
1.53535
1.53698
1.53857
1.54013
1.54164
1.54312
1.54458
1.54599
1.54739
1.54876
1.5501
1.55143
1.55273
1.55401
1.55527
1.55652
1.55775
1.55895
1.56014
1.56132
1.56247
1.56361
1.56473
1.56583
1.56691
1.56796
1.56901
1.57003
1.57103
1.57203
1.573
1.57397
1.57492
1.57586
1.57679
1.57772
1.57864
1.57956
1.58047
1.58139
1.5823
1.58321
1.58412
1.58504
1.58596
1.58689
1.58782
1.58876
1.58971
1.59068
1.59165
1.59264
1.59366
1.59469
1.59575
1.59683
1.59794
1.59906
1.60021
1.60139
1.60258
1.6038
1.60503
1.60628
1.60754
1.60882
1.61011
1.61141
1.61271
1.61403
1.61534
1.61665
1.61797
1.61929
1.62062
1.62193
1.62325
1.62457
1.62589
1.62722
1.62854
1.62988
1.63121
1.63256
1.63392
1.63529
1.63666
1.63806
1.63946
1.64087
1.64229
1.64373
1.64517
1.64662
1.64808
1.64954
1.651
1.65248
1.65395
1.65543
1.6569
1.65837
1.65983
1.66129
1.66274
1.66417
1.66559
1.667
1.66838
1.66973
1.67106
1.67235
1.6736
1.67482
1.67598
1.6771
1.67817
1.67918
1.68014
1.68104
1.68187
1.68264
1.68335
1.684
1.68459
1.68513
1.68561
1.68603
1.68641
1.68675
1.68705
1.68731
1.68754
1.68775
1.68794
1.68812
1.68828
1.68844
1.68859
1.68874
1.68889
1.68904
1.68918
1.68934
1.68949
1.68966
1.68982
1.68998
1.69014
1.69031
1.69047
1.69063
1.69079
1.69095
1.6911
1.69125
1.6914
1.69154
1.69167
1.6918
1.69192
1.69203
1.69214
1.69224
1.69232
1.69241
1.69248
1.69255
1.69262
1.69267
1.69272
1.69278
1.69283
1.69289
1.69295
1.69301
1.69309
1.69318
1.69329
1.69342
1.69357
1.69374
1.69395
1.6942
1.69447
1.6948
1.69516
1.69557
1.69602
1.69653
1.69708
1.69768
1.69833
1.69902
1.69977
1.70056
1.70139
1.70227
1.70318
1.70413
1.70512
1.70613
1.70716
1.70822
1.7093
1.71039
1.71149
1.7126
1.71372
1.71484
1.71597
1.71709
1.71821
1.71932
1.72042
1.72152
1.7226
1.72367
1.72471
1.72574
1.72674
1.72771
1.72865
1.72956
1.73043
1.73125
1.73204
1.73277
1.73346
1.73409
1.73468
1.73522
1.7357
1.73614
1.73654
1.73688
1.73718
1.73745
1.73767
1.73787
1.73803
1.73815
1.73826
1.73834
1.73841
1.73844
1.73847
1.73848
1.73847
1.73846
1.73843
1.73839
1.73835
1.73829
1.73823
1.73817
1.7381
1.73803
1.73796
1.73789
1.73784
1.73779
1.73776
1.73773
1.73774
1.73776
1.73781
1.73788
1.73798
1.7381
1.73825
1.73843
1.73862
1.73885
1.7391
1.73936
1.73963
1.73994
1.74025
1.74057
1.74091
1.74126
1.74163
1.742
1.74239
1.74279
1.74322
1.74365
1.7441
1.74457
1.74505
1.74555
1.74607
1.74661
1.74716
1.74773
1.74831
1.74891
1.74951
1.75012
1.75074
1.75136
1.75199
1.75263
1.75326
1.7539
1.75454
1.75518
1.75583
1.75649
1.75716
1.75784
1.75855
1.75928
1.76002
1.7608
1.7616
1.76243
1.76329
1.76418
1.7651
1.76604
1.76701
1.76799
1.769
1.77001
1.77102
1.77205
1.77305
1.77407
1.77506
1.77603
1.77699
1.77792
1.77882
1.7797
1.78053
1.78133
1.78209
1.78281
1.78349
1.78411
1.7847
1.78523
1.78571
1.78613
1.78651
1.78681
1.78706
1.78724
1.78737
1.78743
1.78743
1.78736
1.78723
1.78705
1.78681
1.78653
1.7862
1.78582
1.78542
1.785
1.78457
1.78412
1.78368
1.78325
1.78284
1.78246
1.7821
1.78179
1.78152
1.7813
1.78114
1.78104
1.78101
1.78103
1.78112
1.78129
1.78152
1.78183
1.78221
1.78266
1.78319
1.78379
1.78446
1.7852
1.78601
1.7869
1.78784
1.78885
1.78992
1.79104
1.7922
1.79341
1.79465
1.79592
1.79721
1.79851
1.79983
1.80114
1.80244
1.80373
1.805
1.80625
1.80746
1.80864
1.80979
1.81091
1.81198
1.81302
1.81403
1.815
1.81596
1.81689
1.8178
1.8187
1.81959
1.82048
1.82137
1.82226
1.82317
1.82409
1.82503
1.82599
1.82696
1.82797
1.829
1.83006
1.83114
1.83225
1.83339
1.83454
1.83572
1.83693
1.83816
1.8394
1.84066
1.84193
1.8432
1.84448
1.84577
1.84704
1.84829
1.84954
1.85076
1.85194
1.85308
1.85419
1.85524
1.85623
1.85718
1.85803
1.85883
1.85955
1.86019
1.86075
1.86123
1.86163
1.86196
1.8622
1.86238
1.86248
1.86252
1.8625
1.86242
1.86229
1.86211
1.86189
1.86164
1.86136
1.86106
1.86075
1.86042
1.86009
1.85976
1.85944
1.85914
1.85885
1.8586
1.85837
1.85817
1.85802
1.85791
1.85784
1.85784
1.85788
1.85798
1.85813
1.85835
1.85864
1.85897
1.85938
1.85984
1.86037
1.86095
1.86158
1.86226
1.863
1.86378
1.86461
1.86547
1.86637
1.86729
1.86826
1.86924
1.87024
1.87127
1.87232
1.87337
1.87444
1.87551
1.87658
1.87766
1.87872
1.8798
1.88085
1.88191
1.88295
1.88397
1.88499
1.88599
1.88698
1.88795
1.88891
1.88985
1.89078
1.89171
1.89262
1.89352
1.8944
1.89529
1.89617
1.89704
1.89791
1.89878
1.89964
1.9005
1.90137
1.90223
1.90309
1.90396
1.90482
1.90569
1.90655
1.90743
1.90829
1.90916
1.91002
1.91088
1.91174
1.91259
1.91343
1.91427
1.91509
1.91592
1.91672
1.91753
1.91832
1.9191
1.91986
1.92063
1.92137
1.92209
1.9228
1.9235
1.92418
1.92484
1.92549
1.92612
1.92674
1.92733
1.9279
1.92847
1.92902
1.92955
1.93007
1.93057
1.93106
1.93153
1.93199
1.93244
1.93287
1.93329
1.9337
1.93409
1.93448
1.93485
1.93522
1.93557
1.93592
1.93626
1.9366
1.93693
1.93725
1.93757
1.93789
1.93821
1.93854
1.93886
1.93919
1.93953
1.93987
1.94023
1.94059
1.94097
1.94136
1.94177
1.9422
1.94264
1.9431
1.94359
1.94409
1.94462
1.94518
1.94575
1.94635
1.94698
1.94763
1.94831
1.94901
1.94974
1.9505
1.95127
1.95207
1.95289
1.95373
1.95458
1.95545
1.95632
1.9572
1.95808
1.95895
1.95981
1.96066
1.96148
1.96228
1.96304
1.96378
1.96447
1.96512
1.96573
1.96628
1.96679
1.96725
1.96766
1.96802
1.96833
1.96859
1.96881
1.96898
1.96911
1.96921
1.96928
1.96931
1.96932
1.96931
1.96928
1.96924
1.9692
1.96915
1.96911
1.96907
1.96905
1.96904
1.96905
1.9691
1.96918
1.96929
1.96944
1.96963
1.96986
1.97015
1.97047
1.97084
1.97126
1.97172
1.97221
1.97274
1.97331
1.9739
1.97451
1.97514
1.97578
1.97642
1.97707
1.97771
1.97833
1.97895
1.97954
1.98011
1.98067
1.98119
1.98168
1.98215
1.9826
1.98302
1.98341
1.98378
1.98413
1.98446
1.98478
1.98508
1.98536
1.98564
1.9859
1.98616
1.98641
1.98666
1.9869
1.98715
1.9874
1.98765
1.98791
1.98819
1.98847
1.98877
1.98909
1.98943
1.98979
1.99018
1.9906
1.99104
1.99152
1.99203
1.99256
1.99312
1.99371
1.99431
1.99493
1.99557
1.9962
1.99684
1.99748
1.9981
1.99871
1.99929
1.99984
2.00036
2.00085
2.00129
2.00168
2.00203
2.00233
2.00259
2.00279
2.00295
2.00306
2.00313
2.00314
2.00313
2.00306
2.00295
2.0028
2.00261
2.00237
2.00211
2.0018
2.00146
2.0011
2.00069
2.00027
1.99982
1.99935
1.99885
1.99834
1.99781
1.99726
1.99672
1.99615
1.99557
1.99499
1.99439
1.99379
1.99317
1.99255
1.99192
1.99128
1.99062
1.98995
1.98928
1.9886
1.9879
1.98719
1.98647
1.98575
1.98503
1.9843
1.98357
1.98284
1.98212
1.98141
1.98071
1.98002
1.97935
1.9787
1.97807
1.97747
1.97689
1.97633
1.9758
1.9753
1.97483
1.97439
1.97396
1.97358
1.97322
1.97288
1.97259
1.97231
1.97207
1.97186
1.97168
1.97153
1.97141
1.97133
1.97128
1.97127
1.97128
1.97132
1.9714
1.97151
1.97165
1.97182
1.97201
1.97223
1.97247
1.97274
1.97303
1.97335
1.97368
1.97403
1.97441
1.9748
1.9752
1.97563
1.97607
1.97653
1.97701
1.9775
1.97801
1.97853
1.97907
1.97963
1.98019
1.98078
1.98137
1.98198
1.9826
1.98323
1.98388
1.98454
1.98522
1.9859
1.9866
1.98731
1.98803
1.98877
1.98952
1.99028
1.99104
1.99182
1.99261
1.99341
1.99421
1.99502
1.99583
1.99663
1.99744
1.99825
1.99904
1.99982
2.00059
2.00135
2.00209
2.00282
2.00353
2.00421
2.00488
2.00552
2.00615
2.00675
2.00734
2.00791
2.00846
2.009
2.00952
2.01003
2.01053
2.01101
2.01148
2.01194
2.01238
2.01281
2.01323
2.01364
2.01403
2.0144
2.01476
2.0151
2.01543
2.01575
2.01605
2.01634
2.01662
2.01688
2.01714
2.01739
2.01762
2.01785
2.01808
2.0183
2.01852
2.01873
2.01894
2.01915
2.01936
2.01957
2.01979
2.02001
2.02023
2.02047
2.02071
2.02096
2.02123
2.0215
2.02179
2.0221
2.02244
2.02278
2.02315
2.02354
2.02396
2.0244
2.02488
2.02537
2.02589
2.02643
2.027
2.02759
2.02821
2.02884
2.02949
2.03015
2.03081
2.03149
2.03217
2.03285
2.03353
2.03421
2.03488
2.03554
2.03619
2.03684
2.03747
2.0381
2.0387
2.03929
2.03986
2.04041
2.04095
2.04145
2.04193
2.04239
2.04282
2.04322
2.0436
2.04394
2.04426
2.04455
2.04481
2.04504
2.04525
2.04545
2.04562
2.04578
2.04593
2.04608
2.04622
2.04636
2.0465
2.04666
2.04682
2.047
2.04719
2.0474
2.04762
2.04786
2.04812
2.04839
2.04868
2.04899
2.04931
2.04964
2.04997
2.05032
2.05067
2.05102
2.05138
2.05174
2.0521
2.05245
2.0528
2.05315
2.0535
2.05384
2.05418
2.0545
2.05482
2.05513
2.05543
2.05572
2.056
2.05626
2.05651
2.05674
2.05696
2.05715
2.05733
2.05749
2.05763
2.05776
2.05787
2.05796
2.05804
2.05812
2.05819
2.05825
2.05831
2.05838
2.05844
2.05852
2.05859
2.05868
2.05878
2.05889
2.05902
2.05916
2.05932
2.05948
2.05966
2.05984
2.06004
2.06025
2.06046
2.06067
2.06089
2.06111
2.06133
2.06155
2.06176
2.06196
2.06216
2.06234
2.06252
2.06268
2.06281
2.06292
2.06301
2.06307
2.06309
2.06308
2.06303
2.06293
2.06279
2.0626
2.06235
2.06206
2.06172
2.06132
2.06086
2.06036
2.05981
2.05921
2.05857
2.05789
2.05717
2.05643
2.05567
2.05489
2.05409
2.05329
2.05248
2.05168
2.0509
2.05012
2.04935
2.04861
2.04789
2.0472
2.04654
2.04591
2.04531
2.04474
2.04419
2.04368
2.0432
2.04277
2.04236
2.04198
2.04162
2.04131
2.04103
2.04077
2.04054
2.04035
2.04018
2.04004
2.03991
2.03983
2.03974
2.03969
2.03964
2.0396
2.03957
2.03956
2.03955
2.03953
2.03952
2.03951
2.0395
2.03949
2.03949
2.03948
2.03949
2.03951
2.03954
2.03959
2.03966
2.03976
2.03988
2.04005
2.04026
2.0405
2.0408
2.04114
2.04154
2.042
2.04252
2.0431
2.04374
2.04444
2.04521
2.04604
2.04694
2.04789
2.04891
2.04999
2.05113
2.05232
2.05356
2.05486
2.0562
2.05759
2.05902
2.06048
2.06197
2.06348
2.06501
2.06655
2.06809
2.06962
2.07114
2.07263
2.07409
2.07552
2.07691
2.07825
2.07952
2.08074
2.08188
2.08296
2.08395
2.08488
2.08573
2.0865
2.0872
2.08782
2.08837
2.08886
2.08928
2.08964
2.08996
2.09022
2.09044
2.09062
2.09078
2.09091
2.09102
2.09112
2.09122
2.09131
2.09141
2.09151
2.09163
2.09176
2.09191
2.09208
2.09228
2.0925
2.09274
2.09302
2.09332
2.09365
2.09399
2.09436
2.09475
2.09516
2.09557
2.09599
2.09642
2.09684
2.09725
2.09766
2.09804
2.0984
2.09874
2.09903
2.09929
2.09949
2.09965
2.09975
2.09979
2.09978
2.09969
2.09954
2.09933
2.09904
2.09869
2.09826
2.09777
2.09721
2.09658
2.0959
2.09515
2.09435
2.0935
2.09261
2.09167
2.09069
2.08969
2.08867
2.08763
2.08657
2.08551
2.08444
2.08338
2.08233
2.08129
2.08027
2.07927
2.07829
2.07733
2.0764
2.0755
2.07463
2.07377
2.07295
2.07215
2.07137
2.07061
2.06987
2.06914
2.06842
2.06772
2.06701
2.0663
2.06559
2.06488
2.06415
2.06341
2.06265
2.06187
2.06106
2.06022
2.05935
2.05846
2.05752
2.05655
2.05555
2.0545
2.05342
2.05229
2.05113
2.04995
2.04872
2.04745
2.04617
2.04485
2.04352
2.04216
2.04078
2.0394
2.038
2.03661
2.03521
2.03382
2.03244
2.03108
2.02971
2.02838
2.02706
2.02577
2.02449
2.02324
2.02201
2.0208
2.01961
2.01845
2.0173
2.01617
2.01505
2.01394
2.01285
2.01177
2.01069
2.00962
2.00855
2.00749
2.00643
2.00537
2.00431
2.00326
2.0022
2.00115
2.00009
1.99904
1.998
1.99695
1.99592
1.99491
1.9939
1.9929
1.99193
1.99098
1.99005
1.98914
1.98827
1.98743
1.98663
1.98586
1.98514
1.98446
1.98382
1.98323
1.98268
1.98219
1.98175
1.98136
1.98103
1.98074
1.98051
1.98032
1.9802
1.98012
1.98009
1.9801
1.98016
1.98026
1.9804
1.98057
1.98078
1.98102
1.98128
1.98156
1.98186
1.98218
1.98251
1.98285
1.98319
1.98354
1.9839
1.98426
1.98463
1.98498
1.98534
1.98571
1.98608
1.98645
1.98683
1.98721
1.98761
1.988
1.98842
1.98884
1.98928
1.98974
1.99023
1.99073
1.99126
1.99181
1.99239
1.993
1.99364
1.99432
1.99503
1.99576
1.99653
1.99734
1.99817
1.99904
1.99993
2.00085
2.0018
2.00276
2.00375
2.00476
2.00577
2.0068
2.00783
2.00886
2.00989
2.01092
2.01194
2.01294
2.01393
2.01489
2.01583
2.01674
2.01762
2.01846
2.01928
2.02006
2.02081
2.02153
2.02222
2.02287
2.02349
2.02409
2.02466
2.02521
2.02573
2.02624
2.02672
2.02718
2.02763
2.02807
2.0285
2.02893
2.02935
2.02977
2.0302
2.03063
2.03106
2.0315
2.03196
2.03243
2.03291
2.03341
2.03392
2.03446
2.035
2.03557
2.03614
2.03673
2.03733
2.03793
2.03854
2.03916
2.03976
2.04037
2.04095
2.04153
2.04209
2.04262
2.04314
2.04362
2.04406
2.04448
2.04486
2.04519
2.04549
2.04575
2.04597
2.04615
2.0463
2.0464
2.04647
2.04651
2.04652
2.04649
2.04645
2.04638
2.0463
2.0462
2.04608
2.04597
2.04585
2.04573
2.04562
2.04553
2.04545
2.0454
2.04538
2.04539
2.04543
2.04552
2.04565
2.04584
2.04606
2.04633
2.04665
2.04701
2.04741
2.04787
2.04835
2.04887
2.04942
2.04999
2.05059
2.05119
2.05181
2.05243
2.05304
2.05365
2.05425
2.05483
2.0554
2.05594
2.05646
2.05695
2.05742
2.05785
2.05826
2.05864
2.05899
2.05931
2.05962
2.0599
2.06016
2.06041
2.06066
2.06089
2.06112
2.06136
2.0616
2.06186
2.06213
2.06243
2.06275
2.0631
2.06349
2.06391
2.06437
2.06487
2.06542
2.066
2.06662
2.06729
2.06799
2.06873
2.06951
2.07031
2.07114
2.072
2.07289
2.07377
2.07468
2.07559
2.07651
2.07741
2.07832
2.07921
2.0801
2.08096
2.0818
2.08262
2.0834
2.08417
2.08489
2.08558
2.08623
2.08684
2.08741
2.08794
2.08842
2.08886
2.08926
2.08961
2.08992
2.09019
2.09043
2.09064
2.0908
2.09094
2.09105
2.09114
2.09122
2.09127
2.09132
2.09136
2.0914
2.09143
2.09147
2.09152
2.09157
2.09164
2.09171
2.0918
2.09191
2.09203
2.09218
2.09233
2.09251
2.0927
2.09291
2.09314
2.09338
2.09364
2.09391
2.0942
2.09449
2.09479
2.09509
2.0954
2.0957
2.096
2.09629
2.09657
2.09684
2.09709
2.09732
2.09752
2.09771
2.09786
2.09797
2.09806
2.09812
2.09814
2.09811
2.09806
2.09797
2.09783
2.09766
2.09746
2.09721
2.09693
2.09662
2.09627
2.09589
2.09549
2.09506
2.0946
2.09412
2.09364
2.09314
2.09263
2.09211
2.0916
2.0911
2.09061
2.09012
2.08966
2.08922
2.08879
2.0884
2.08804
2.08771
2.08741
2.08714
2.08689
2.08668
2.08649
2.08632
2.08617
2.08604
2.08591
2.08578
2.08566
2.08553
2.08539
2.08522
2.08503
2.08482
2.08457
2.08428
2.08394
2.08354
2.0831
2.08261
2.08205
2.08144
2.08076
2.08002
2.07923
2.07837
2.07746
2.0765
2.0755
2.07445
2.07337
2.07225
2.07112
2.06999
2.06884
2.0677
2.06656
2.06545
2.06438
2.06333
2.06234
2.0614
2.06053
2.05971
2.05898
2.05833
2.05775
2.05727
2.05686
2.05655
2.05631
2.05616
2.05609
2.05609
2.05616
2.05629
2.05648
2.05672
2.057
2.05731
2.05763
2.05797
2.05832
2.05866
2.05899
2.0593
2.05958
2.05983
2.06006
2.06024
2.06038
2.06049
2.06055
2.06058
2.06057
2.06054
2.06048
2.0604
2.06031
2.06021
2.0601
2.06
2.05993
2.05986
2.05983
2.05984
2.05988
2.05997
2.06011
2.06031
2.06057
2.0609
2.06129
2.06175
2.06227
2.06287
2.06353
2.06426
2.06505
2.0659
2.0668
2.06776
2.06877
2.06981
2.0709
2.072
2.07313
2.07428
2.07543
2.07657
2.0777
2.07882
2.07991
2.08096
2.08197
2.08292
2.08383
2.08466
2.08543
2.08614
2.08677
2.08733
2.08782
2.08823
2.08858
2.08887
2.08909
2.08926
2.08938
2.08945
2.0895
2.08952
2.0895
2.08947
2.08944
2.0894
2.08936
2.08934
2.08932
2.08933
2.08935
2.08941
2.0895
2.08962
2.08977
2.08996
2.0902
2.09046
2.09077
2.09111
2.0915
2.09192
2.09237
2.09285
2.09334
2.09387
2.09442
2.09497
2.09552
2.09609
2.09664
2.09718
2.09769
2.09818
2.09864
2.09906
2.09944
2.09977
2.10005
2.10027
2.10045
2.10057
2.10063
2.10064
2.10061
2.10052
2.1004
2.10023
2.10004
2.09982
2.09958
2.09932
2.09905
2.09878
2.09851
2.09825
2.098
2.09776
2.09754
2.09734
2.09717
2.09703
2.09691
2.09682
2.09678
2.09676
2.09678
2.09683
2.09692
2.09704
2.0972
2.0974
2.09762
2.09787
2.09816
2.09847
2.09881
2.09916
2.09953
2.09992
2.10033
2.10073
2.10114
2.10154
2.10194
2.10233
2.1027
2.10306
2.10339
2.1037
2.10398
2.10423
2.10446
2.10465
2.10482
2.10496
2.10507
2.10516
2.10521
2.10525
2.10527
2.10526
2.10524
2.10521
2.10517
2.10511
2.10506
2.105
2.10495
2.10489
2.10485
2.1048
2.10478
2.10477
2.10478
2.1048
2.10484
2.10491
2.10499
2.1051
2.10524
2.10539
2.10558
2.10579
2.10601
2.10627
2.10655
2.10685
2.10717
2.10751
2.10786
2.10823
2.1086
2.10899
2.10937
2.10977
2.11016
2.11055
2.11093
2.11131
2.11169
2.11205
2.11242
2.11276
2.1131
2.11345
2.11379
2.11413
2.11446
2.1148
2.11514
2.11549
2.11584
2.11621
2.11658
2.11697
2.11737
2.11779
2.11822
2.11867
2.11915
2.11965
2.12016
2.12069
2.12126
2.12184
2.12243
2.12305
2.12369
2.12434
2.125
2.12568
2.12636
2.12705
2.12775
2.12844
2.12914
2.12983
2.13052
2.13119
2.13187
2.13252
2.13316
2.13379
2.1344
2.13498
2.13555
2.13611
2.13663
2.13714
2.13762
2.13808
2.13851
2.13891
2.13929
2.13964
2.13996
2.14026
2.14052
2.14075
2.14094
2.1411
2.14122
2.14131
2.14136
2.14137
2.14135
2.14129
2.1412
2.14108
2.14092
2.14073
2.14052
2.14028
2.14003
2.13975
2.13945
2.13914
2.13882
2.13849
2.13814
2.13779
2.13743
2.13707
2.1367
2.13633
2.13596
2.13559
2.13521
2.13484
2.13447
2.13411
2.13375
2.1334
2.13306
2.13273
2.13242
2.13214
2.13187
2.13163
2.13142
2.13123
2.13109
2.13098
2.13091
2.13088
2.1309
2.13095
2.13106
2.13121
2.13139
2.13164
2.13192
2.13224
2.13262
2.13304
2.1335
2.134
2.13455
2.13514
2.13578
2.13646
2.1372
2.13799
2.13883
2.13972
2.14068
2.14169
2.14277
2.14391
0
2.00201e-05
7.97983e-05
0.000178755
0.00031617
0.000491111
0.000702437
0.000949144
0.00122989
0.00154326
0.00188788
0.00226263
0.00266576
0.00309594
0.00355192
0.00403258
0.00453614
0.00506201
0.00560848
0.00617527
0.00676064
0.00736448
0.00798531
0.00862345
0.00927771
0.00994811
0.0106347
0.0113364
0.0120537
0.012787
0.0135365
0.0143015
0.015083
0.0158812
0.0166961
0.0175285
0.0183784
0.019246
0.0201314
0.0210351
0.0219565
0.022896
0.0238542
0.0248308
0.0258244
0.0268357
0.027864
0.0289094
0.0299702
0.0310467
0.032138
0.0332434
0.0343611
0.0354919
0.0366339
0.0377861
0.0389476
0.0401173
0.0412949
0.0424777
0.0436652
0.0448566
0.04605
0.0472446
0.0484383
0.0496307
0.05082
0.0520047
0.0531842
0.0543572
0.0555221
0.0566798
0.0578278
0.0589663
0.0600953
0.0612132
0.0623228
0.0634218
0.0645111
0.0655914
0.0666631
0.0677262
0.068783
0.0698323
0.0708749
0.0719129
0.0729453
0.0739728
0.0749973
0.0760173
0.0770339
0.0780482
0.0790591
0.0800675
0.0810728
0.0820751
0.0830742
0.0840705
0.0850633
0.0860541
0.0870409
0.0880238
0.0890037
0.0899814
0.0909543
0.0919233
0.0928905
0.0938534
0.0948114
0.0957666
0.096717
0.0976614
0.0985997
0.0995325
0.100457
0.101373
0.102281
0.103179
0.104067
0.104941
0.105805
0.106657
0.107496
0.108321
0.109132
0.109932
0.110716
0.111488
0.112246
0.112992
0.113726
0.114448
0.115159
0.11586
0.11655
0.117233
0.117906
0.118573
0.119233
0.119886
0.120534
0.121177
0.121817
0.122451
0.123084
0.123713
0.12434
0.124967
0.125591
0.126214
0.126837
0.12746
0.128083
0.128706
0.129329
0.129953
0.130577
0.131202
0.131825
0.132449
0.13307
0.133689
0.134305
0.13492
0.135528
0.136131
0.136726
0.137315
0.137896
0.138467
0.139026
0.139576
0.140111
0.140633
0.141141
0.141633
0.142109
0.142567
0.143008
0.14343
0.143834
0.144218
0.144584
0.14493
0.145256
0.145565
0.145856
0.146127
0.146381
0.146619
0.146842
0.147052
0.147247
0.147432
0.147605
0.147771
0.147929
0.148082
0.14823
0.148376
0.148521
0.148666
0.148814
0.148964
0.149118
0.149278
0.149444
0.149616
0.149798
0.149988
0.150189
0.1504
0.150622
0.150856
0.151104
0.151364
0.151639
0.151926
0.152228
0.152542
0.152869
0.153208
0.153559
0.15392
0.154289
0.154666
0.15505
0.155441
0.155836
0.156234
0.156634
0.157037
0.157441
0.157846
0.158253
0.15866
0.15907
0.159479
0.159892
0.16031
0.16073
0.161156
0.16159
0.162029
0.162479
0.16294
0.163412
0.163899
0.1644
0.164917
0.165451
0.166003
0.166574
0.167163
0.167773
0.168402
0.169052
0.16972
0.170407
0.171114
0.171838
0.17258
0.173338
0.174112
0.174901
0.175704
0.17652
0.177348
0.178186
0.179032
0.179886
0.180746
0.181609
0.182475
0.183341
0.184205
0.185065
0.18592
0.186767
0.187605
0.188433
0.189246
0.190049
0.190838
0.191611
0.19237
0.193111
0.193841
0.194555
0.195255
0.195943
0.196621
0.19729
0.197951
0.198607
0.199261
0.199911
0.200565
0.201218
0.20188
0.202546
0.203222
0.203903
0.204598
0.205304
0.206021
0.20675
0.207492
0.208247
0.209016
0.209797
0.210591
0.211396
0.212216
0.213046
0.213888
0.214741
0.215603
0.216475
0.217359
0.218249
0.219147
0.22005
0.220962
0.221873
0.222789
0.223708
0.224624
0.225543
0.22646
0.227372
0.228282
0.229189
0.230089
0.230989
0.231885
0.232778
0.233671
0.234563
0.235453
0.236347
0.237245
0.238146
0.239053
0.239968
0.240893
0.241825
0.242766
0.24372
0.244685
0.245659
0.246647
0.247642
0.248647
0.249663
0.250684
0.25171
0.252744
0.25378
0.254817
0.255853
0.256888
0.257919
0.258947
0.259964
0.260973
0.261974
0.262962
0.263937
0.264899
0.265844
0.266776
0.267688
0.268585
0.269464
0.270326
0.271168
0.271994
0.2728
0.273588
0.274358
0.275111
0.275847
0.276566
0.277273
0.277965
0.278645
0.279314
0.279974
0.280628
0.281279
0.281925
0.282571
0.283221
0.283872
0.284528
0.28519
0.285862
0.286542
0.287235
0.287935
0.288649
0.289374
0.29011
0.290858
0.291617
0.292384
0.293159
0.293942
0.294731
0.295524
0.29632
0.297118
0.297913
0.298706
0.299494
0.300276
0.30105
0.301816
0.302574
0.303319
0.304055
0.304777
0.305491
0.306193
0.306882
0.307565
0.308235
0.3089
0.30956
0.310214
0.310867
0.311521
0.312174
0.31283
0.313491
0.314163
0.314842
0.315533
0.316237
0.31696
0.317698
0.318459
0.319238
0.320039
0.320863
0.32171
0.322581
0.323476
0.324396
0.325335
0.326296
0.327279
0.328279
0.329296
0.330326
0.331371
0.332422
0.333481
0.334547
0.335612
0.336675
0.337737
0.338792
0.339839
0.340877
0.341902
0.342911
0.343905
0.344879
0.345835
0.346771
0.347682
0.348573
0.349439
0.35028
0.351094
0.351885
0.352651
0.353392
0.354112
0.35481
0.355484
0.356145
0.356787
0.357417
0.358034
0.358644
0.359246
0.359848
0.360447
0.361046
0.361649
0.362256
0.362869
0.363486
0.36411
0.364741
0.365375
0.366016
0.366658
0.367303
0.367948
0.36859
0.36923
0.369864
0.370489
0.371105
0.371708
0.372298
0.372873
0.373431
0.373968
0.374487
0.374985
0.375462
0.375912
0.37634
0.376743
0.37712
0.377472
0.377796
0.378091
0.378361
0.378604
0.378816
0.379007
0.379167
0.379303
0.379416
0.379508
0.37958
0.379635
0.379678
0.379709
0.379735
0.379758
0.379784
0.379813
0.379851
0.379902
0.379969
0.380054
0.38016
0.38029
0.380442
0.38062
0.380827
0.381056
0.38131
0.381588
0.381889
0.382213
0.382557
0.382919
0.383298
0.383694
0.384103
0.384525
0.384961
0.385404
0.385858
0.386318
0.386783
0.387253
0.387728
0.388203
0.388678
0.389153
0.389624
0.390091
0.390551
0.391002
0.391445
0.391876
0.392298
0.39271
0.393108
0.393498
0.393878
0.394249
0.394616
0.394978
0.395342
0.395704
0.396076
0.396459
0.396852
0.397264
0.397695
0.398151
0.398632
0.399143
0.399685
0.400262
0.400871
0.401515
0.402195
0.402908
0.403655
0.404433
0.405244
0.406082
0.406948
0.407836
0.408746
0.409674
0.410624
0.411582
0.41255
0.413532
0.414517
0.415504
0.416492
0.417478
0.418458
0.419436
0.4204
0.421356
0.422297
0.423225
0.424138
0.425034
0.42591
0.426774
0.427619
0.428449
0.429265
0.43007
0.430863
0.431649
0.43243
0.433212
0.433997
0.434784
0.435583
0.436395
0.437223
0.438075
0.438949
0.439847
0.440776
0.441734
0.442726
0.443752
0.444811
0.445905
0.447034
0.448194
0.44939
0.450613
0.451871
0.453153
0.45446
0.45579
0.457139
0.458504
0.459883
0.461272
0.462666
0.464064
0.465461
0.466858
0.468244
0.469623
0.470991
0.472344
0.473678
0.474999
0.476298
0.477576
0.478832
0.480068
0.48128
0.482471
0.48364
0.484794
0.485924
0.48704
0.488144
0.489231
0.490311
0.491384
0.492454
0.493521
0.494587
0.495657
0.496733
0.497817
0.498907
0.500005
0.501118
0.50224
0.503375
0.50452
0.505675
0.506841
0.508019
0.509205
0.510395
0.511593
0.512797
0.514005
0.51521
0.516416
0.517617
0.51882
0.520012
0.521199
0.522376
0.523545
0.5247
0.525846
0.526977
0.528094
0.529196
0.530285
0.531358
0.532415
0.533457
0.534482
0.535496
0.536491
0.537474
0.538448
0.539407
0.540356
0.541296
0.542234
0.543166
0.544095
0.545025
0.545959
0.546897
0.54784
0.548791
0.549755
0.550731
0.551716
0.552714
0.553726
0.554751
0.555788
0.556841
0.557901
0.558976
0.560059
0.561151
0.562249
0.563351
0.56446
0.565572
0.566685
0.567797
0.568912
0.570023
0.571132
0.572238
0.57334
0.574437
0.575526
0.57661
0.577687
0.578755
0.579816
0.580863
0.581902
0.582927
0.583938
0.584935
0.585917
0.586885
0.587832
0.588762
0.589677
0.590569
0.591449
0.592308
0.593154
0.593982
0.594799
0.595602
0.596389
0.597169
0.597942
0.598704
0.59946
0.600214
0.60096
0.601702
0.602444
0.603183
0.603915
0.604645
0.605371
0.606092
0.606806
0.607513
0.608212
0.608901
0.609581
0.610246
0.6109
0.611537
0.612155
0.612761
0.613347
0.613913
0.61446
0.614986
0.615489
0.61597
0.616423
0.616855
0.61726
0.617636
0.617987
0.618308
0.618603
0.618869
0.619107
0.619312
0.619496
0.619649
0.619777
0.61988
0.619964
0.620026
0.62007
0.620103
0.620121
0.62013
0.620137
0.62014
0.620142
0.620147
0.620157
0.620179
0.620213
0.620257
0.620316
0.620395
0.620491
0.620608
0.620744
0.6209
0.621079
0.621277
0.621495
0.621735
0.621994
0.622269
0.622561
0.622868
0.623188
0.623521
0.623863
0.624209
0.624563
0.624919
0.625277
0.625633
0.625987
0.626332
0.62667
0.626998
0.627311
0.627613
0.627898
0.628167
0.628415
0.628644
0.628852
0.629042
0.629213
0.629363
0.629495
0.629613
0.629712
0.629803
0.629881
0.629949
0.630013
0.630073
0.630132
0.630193
0.630256
0.630326
0.630405
0.630491
0.630588
0.630699
0.630819
0.630953
0.6311
0.631259
0.631433
0.63162
0.631818
0.632029
0.632247
0.632477
0.632715
0.632955
0.633203
0.633454
0.633701
0.63395
0.634188
0.634422
0.634648
0.63486
0.635057
0.635237
0.6354
0.635542
0.635662
0.63576
0.635834
0.635885
0.635913
0.63592
0.6359
0.635863
0.635808
0.635736
0.635644
0.635544
0.635432
0.635312
0.635187
0.635061
0.634936
0.634814
0.634698
0.634595
0.634507
0.634432
0.634378
0.634341
0.63433
0.634342
0.63438
0.634441
0.634533
0.634649
0.634786
0.634955
0.635147
0.635362
0.6356
0.635861
0.636139
0.636437
0.63675
0.637077
0.63742
0.637766
0.638124
0.638489
0.638857
0.639226
0.639599
0.639969
0.640343
0.640716
0.64109
0.641465
0.641843
0.642224
0.64261
0.643
0.643401
0.643807
0.644224
0.644654
0.645098
0.645554
0.646023
0.646502
0.647
0.647513
0.648042
0.648584
0.649149
0.649724
0.650323
0.650934
0.651566
0.652218
0.652885
0.653571
0.654272
0.654992
0.65573
0.656479
0.657244
0.658021
0.658807
0.659606
0.660411
0.661226
0.662042
0.662859
0.663677
0.664492
0.665305
0.666107
0.666903
0.667687
0.668461
0.669221
0.669971
0.670703
0.671428
0.67214
0.672842
0.673529
0.674214
0.674896
0.675569
0.676244
0.676917
0.677596
0.678276
0.678963
0.679655
0.680353
0.681061
0.681775
0.682497
0.683223
0.683962
0.684701
0.685451
0.686201
0.686958
0.687721
0.688483
0.689253
0.690023
0.690802
0.691579
0.692365
0.69315
0.69394
0.694736
0.695535
0.696337
0.697141
0.697947
0.698758
0.699569
0.700379
0.701189
0.701996
0.7028
0.703605
0.704402
0.705198
0.705987
0.706776
0.707563
0.708354
0.709136
0.709927
0.710718
0.711521
0.712328
0.713147
0.71398
0.714827
0.715692
0.71657
0.717467
0.718382
0.719315
0.720263
0.721227
0.722203
0.72319
0.724187
0.725191
0.726192
0.727197
0.728194
0.729182
0.730162
0.731122
0.73207
0.732999
0.733905
0.73479
0.735654
0.736491
0.737303
0.738091
0.738853
0.73959
0.740305
0.740993
0.74166
0.742303
0.742925
0.743524
0.7441
0.744657
0.745199
0.74572
0.746228
0.74672
0.7472
0.747672
0.748134
0.748592
0.749051
0.749507
0.749968
0.750436
0.750912
0.751399
0.7519
0.752418
0.752951
0.7535
0.754066
0.754654
0.755251
0.755871
0.756502
0.757151
0.757807
0.758475
0.759148
0.759824
0.760505
0.761184
0.761862
0.762532
0.763196
0.763851
0.764497
0.76513
0.76575
0.76636
0.766953
0.767533
0.768099
0.768653
0.769192
0.769718
0.770233
0.770741
0.771236
0.771727
0.772211
0.77269
0.773169
0.773649
0.774133
0.774621
0.775117
0.775623
0.776142
0.776677
0.777231
0.777802
0.778394
0.779012
0.779657
0.780329
0.781025
0.781752
0.782508
0.78329
0.7841
0.78494
0.785801
0.786686
0.787591
0.788511
0.789445
0.790391
0.791341
0.792298
0.793254
0.79421
0.79516
0.796102
0.79704
0.797963
0.798875
0.799775
0.800663
0.801534
0.802387
0.803226
0.804047
0.804851
0.805642
0.806415
0.807173
0.80792
0.808652
0.809379
0.810097
0.81081
0.811523
0.812235
0.81295
0.813674
0.814405
0.815146
0.815902
0.816671
0.817459
0.818263
0.819088
0.819934
0.820802
0.821689
0.822598
0.823526
0.824474
0.825442
0.826418
0.827412
0.828422
0.829433
0.830457
0.831481
0.832504
0.833527
0.834547
0.835557
0.836564
0.837557
0.838542
0.839511
0.840469
0.841414
0.842343
0.84326
0.84416
0.845046
0.845918
0.846777
0.847616
0.848441
0.84925
0.850043
0.85082
0.851583
0.85233
0.853065
0.85378
0.854487
0.85518
0.855866
0.856537
0.857203
0.857864
0.858521
0.859175
0.859829
0.860485
0.861146
0.86181
0.862483
0.863165
0.863857
0.864563
0.865282
0.866013
0.866761
0.867522
0.868296
0.869091
0.869899
0.870722
0.871557
0.872407
0.873266
0.87414
0.875021
0.875913
0.876811
0.877717
0.878629
0.879545
0.880471
0.881395
0.882328
0.88326
0.884196
0.885129
0.886064
0.886997
0.887923
0.888843
0.889762
0.890669
0.891567
0.892459
0.893336
0.894203
0.895065
0.895907
0.896744
0.897565
0.898377
0.89918
0.899979
0.900763
0.901544
0.902322
0.903094
0.903863
0.90463
0.905396
0.906163
0.906931
0.9077
0.908469
0.909245
0.91002
0.910803
0.911592
0.912384
0.913188
0.913996
0.914815
0.91564
0.916476
0.917327
0.918184
0.919058
0.919938
0.920834
0.921743
0.922663
0.923591
0.924531
0.925477
0.92643
0.927389
0.928353
0.929315
0.93028
0.931235
0.932187
0.933131
0.934061
0.934982
0.935884
0.936769
0.937637
0.938483
0.939309
0.940119
0.940906
0.94167
0.942418
0.943143
0.943857
0.944553
0.945234
0.945903
0.946566
0.94722
0.947872
0.948522
0.949172
0.949826
0.950492
0.951167
0.951853
0.952554
0.953282
0.954029
0.954805
0.955606
0.956442
0.957312
0.958215
0.959154
0.960133
0.961149
0.962202
0.96329
0.964412
0.965568
0.96675
0.967961
0.969195
0.970448
0.971719
0.973004
0.974298
0.975599
0.976902
0.978206
0.979505
0.980799
0.982081
0.983354
0.984617
0.985869
0.987105
0.98833
0.989538
0.990733
0.991912
0.993085
0.994245
0.995396
0.996536
0.997675
0.998803
0.999932
1.00106
1.00219
1.00332
1.00446
1.00561
1.00676
1.00793
1.00912
1.01032
1.01154
1.01278
1.01405
1.01534
1.01666
1.01799
1.01936
1.02074
1.02215
1.02358
1.02502
1.02647
1.02793
1.0294
1.03087
1.03232
1.03377
1.03519
1.03659
1.03796
1.03929
1.04059
1.04184
1.04304
1.04419
1.04529
1.04633
1.04732
1.04824
1.04913
1.04996
1.05074
1.05148
1.05217
1.05283
1.05346
1.05405
1.05462
1.05517
1.0557
1.05623
1.05674
1.05726
1.05777
1.0583
1.05883
1.05938
1.05995
1.06054
1.06115
1.06179
1.06246
1.06315
1.06388
1.06463
1.06542
1.06623
1.06707
1.06794
1.06883
1.06973
1.07064
1.07157
1.0725
1.07343
1.07435
1.07527
1.07616
1.07704
1.07789
1.07872
1.07951
1.08028
1.081
1.08168
1.08231
1.08291
1.08347
1.08399
1.08448
1.08492
1.08534
1.08573
1.0861
1.08645
1.08679
1.08713
1.08746
1.0878
1.08814
1.08851
1.08889
1.08929
1.08972
1.09018
1.09067
1.09119
1.09174
1.09232
1.09294
1.09359
1.09427
1.09498
1.09571
1.09647
1.09725
1.09806
1.09887
1.09971
1.10055
1.1014
1.10226
1.10311
1.10397
1.10481
1.10565
1.10646
1.10726
1.10804
1.10878
1.10949
1.11017
1.11081
1.11141
1.11197
1.11248
1.11296
1.11339
1.11377
1.11412
1.11443
1.11472
1.11497
1.1152
1.11541
1.11561
1.1158
1.116
1.1162
1.11642
1.11666
1.11692
1.11721
1.11754
1.11791
1.11833
1.11878
1.11929
1.11985
1.12046
1.12112
1.12183
1.12258
1.12338
1.12423
1.12511
1.12603
1.12698
1.12795
1.12895
1.12997
1.13101
1.13205
1.13309
1.13414
1.13518
1.13621
1.13723
1.13823
1.13921
1.14016
1.14109
1.14199
1.14285
1.14369
1.14448
1.14524
1.14597
1.14667
1.14733
1.14796
1.14857
1.14915
1.14972
1.15027
1.15081
1.15135
1.15189
1.15244
1.15299
1.15357
1.15417
1.1548
1.15545
1.15614
1.15687
1.15765
1.15845
1.15931
1.1602
1.16114
1.16212
1.16313
1.16419
1.16527
1.16638
1.16751
1.16867
1.16983
1.171
1.17218
1.17335
1.17451
1.17566
1.17678
1.17788
1.17894
1.17998
1.18098
1.18193
1.18284
1.18371
1.18452
1.18529
1.18602
1.1867
1.18733
1.18792
1.18847
1.18898
1.18946
1.18991
1.19034
1.19074
1.19112
1.19149
1.19186
1.19224
1.19261
1.193
1.1934
1.19382
1.19427
1.19475
1.19527
1.19583
1.19643
1.19708
1.19777
1.19852
1.19932
1.20016
1.20105
1.20199
1.20297
1.204
1.20507
1.20618
1.20731
1.20847
1.20966
1.21087
1.21209
1.21332
1.21456
1.2158
1.21704
1.21827
1.21949
1.22071
1.22192
1.22311
1.22429
1.22545
1.22661
1.22775
1.22887
1.22999
1.2311
1.2322
1.23329
1.23438
1.23546
1.23654
1.23763
1.23871
1.2398
1.2409
1.24201
1.24313
1.24426
1.2454
1.24657
1.24774
1.24894
1.25015
1.25138
1.25262
1.25388
1.25515
1.25643
1.25772
1.25902
1.26032
1.26162
1.26293
1.26423
1.26553
1.26681
1.26808
1.26934
1.27057
1.27178
1.27297
1.27413
1.27526
1.27636
1.27744
1.27848
1.27949
1.28047
1.28142
1.28234
1.28324
1.28411
1.28496
1.28579
1.28662
1.28742
1.28822
1.28901
1.2898
1.29059
1.29139
1.2922
1.29302
1.29385
1.2947
1.29557
1.29646
1.29737
1.29831
1.29927
1.30025
1.30124
1.30226
1.3033
1.30435
1.30542
1.30648
1.30757
1.30866
1.30974
1.31083
1.31192
1.313
1.31408
1.31515
1.31621
1.31726
1.31831
1.31934
1.32037
1.32138
1.32238
1.32338
1.32436
1.32534
1.32632
1.32728
1.32825
1.32921
1.33018
1.33115
1.33212
1.33311
1.33411
1.33513
1.33616
1.33722
1.33831
1.33943
1.34059
1.34178
1.34302
1.34429
1.34561
1.34697
1.34838
1.34982
1.35131
1.35283
1.35438
1.35596
1.35756
1.35918
1.36082
1.36246
1.36412
1.36576
1.36741
1.36904
1.37065
1.37226
1.37383
1.37539
1.3769
1.37839
1.37986
1.38128
1.38267
1.38403
1.38535
1.38664
1.38789
1.38911
1.3903
1.39147
1.3926
1.39371
1.3948
1.39586
1.39691
1.39795
1.39898
1.40001
1.40103
1.40206
1.40309
1.40414
1.40519
1.40626
1.40736
1.40847
1.4096
1.41075
1.41193
1.41312
1.41433
1.41555
1.41678
1.41801
1.41925
1.42049
1.42173
1.42296
1.42418
1.4254
1.4266
1.42778
1.42895
1.43011
1.43125
1.43238
1.43349
1.43459
1.43568
1.43677
1.43785
1.43893
1.44001
1.44111
1.44221
1.44332
1.44445
1.44561
1.44679
1.44799
1.44924
1.45052
1.45185
1.45322
1.45464
1.4561
1.45762
1.45921
1.46085
1.46255
1.46431
1.46614
1.46801
1.46996
1.47196
1.474
1.47611
1.47826
1.48045
1.48267
1.48492
1.4872
1.4895
1.49181
1.49413
1.49644
1.49875
1.50105
1.50334
1.50562
1.50786
1.51008
1.51227
1.51443
1.51655
1.51863
1.52067
1.52267
1.52462
1.52653
1.52838
1.53019
1.53196
1.53368
1.53535
1.53698
1.53857
1.54013
1.54164
1.54312
1.54458
1.54599
1.54739
1.54876
1.5501
1.55143
1.55273
1.55401
1.55527
1.55652
1.55775
1.55895
1.56014
1.56132
1.56247
1.56361
1.56473
1.56583
1.56691
1.56796
1.56901
1.57003
1.57103
1.57203
1.573
1.57397
1.57492
1.57586
1.57679
1.57772
1.57864
1.57956
1.58047
1.58139
1.5823
1.58321
1.58412
1.58504
1.58596
1.58689
1.58782
1.58876
1.58971
1.59068
1.59165
1.59264
1.59366
1.59469
1.59575
1.59683
1.59794
1.59906
1.60021
1.60139
1.60258
1.6038
1.60503
1.60628
1.60754
1.60882
1.61011
1.61141
1.61271
1.61403
1.61534
1.61665
1.61797
1.61929
1.62062
1.62193
1.62325
1.62457
1.62589
1.62722
1.62854
1.62988
1.63121
1.63256
1.63392
1.63529
1.63666
1.63806
1.63946
1.64087
1.64229
1.64373
1.64517
1.64662
1.64808
1.64954
1.651
1.65248
1.65395
1.65543
1.6569
1.65837
1.65983
1.66129
1.66274
1.66417
1.66559
1.667
1.66838
1.66973
1.67106
1.67235
1.6736
1.67482
1.67598
1.6771
1.67817
1.67918
1.68014
1.68104
1.68187
1.68264
1.68335
1.684
1.68459
1.68513
1.68561
1.68603
1.68641
1.68675
1.68705
1.68731
1.68754
1.68775
1.68794
1.68812
1.68828
1.68844
1.68859
1.68874
1.68889
1.68904
1.68918
1.68934
1.68949
1.68966
1.68982
1.68998
1.69014
1.69031
1.69047
1.69063
1.69079
1.69095
1.6911
1.69125
1.6914
1.69154
1.69167
1.6918
1.69192
1.69203
1.69214
1.69224
1.69232
1.69241
1.69248
1.69255
1.69262
1.69267
1.69272
1.69278
1.69283
1.69289
1.69295
1.69301
1.69309
1.69318
1.69329
1.69342
1.69357
1.69374
1.69395
1.6942
1.69447
1.6948
1.69516
1.69557
1.69602
1.69653
1.69708
1.69768
1.69833
1.69902
1.69977
1.70056
1.70139
1.70227
1.70318
1.70413
1.70512
1.70613
1.70716
1.70822
1.7093
1.71039
1.71149
1.7126
1.71372
1.71484
1.71597
1.71709
1.71821
1.71932
1.72042
1.72152
1.7226
1.72367
1.72471
1.72574
1.72674
1.72771
1.72865
1.72956
1.73043
1.73125
1.73204
1.73277
1.73346
1.73409
1.73468
1.73522
1.7357
1.73614
1.73654
1.73688
1.73718
1.73745
1.73767
1.73787
1.73803
1.73815
1.73826
1.73834
1.73841
1.73844
1.73847
1.73848
1.73847
1.73846
1.73843
1.73839
1.73835
1.73829
1.73823
1.73817
1.7381
1.73803
1.73796
1.73789
1.73784
1.73779
1.73776
1.73773
1.73774
1.73776
1.73781
1.73788
1.73798
1.7381
1.73825
1.73843
1.73862
1.73885
1.7391
1.73936
1.73963
1.73994
1.74025
1.74057
1.74091
1.74126
1.74163
1.742
1.74239
1.74279
1.74322
1.74365
1.7441
1.74457
1.74505
1.74555
1.74607
1.74661
1.74716
1.74773
1.74831
1.74891
1.74951
1.75012
1.75074
1.75136
1.75199
1.75263
1.75326
1.7539
1.75454
1.75518
1.75583
1.75649
1.75716
1.75784
1.75855
1.75928
1.76002
1.7608
1.7616
1.76243
1.76329
1.76418
1.7651
1.76604
1.76701
1.76799
1.769
1.77001
1.77102
1.77205
1.77305
1.77407
1.77506
1.77603
1.77699
1.77792
1.77882
1.7797
1.78053
1.78133
1.78209
1.78281
1.78349
1.78411
1.7847
1.78523
1.78571
1.78613
1.78651
1.78681
1.78706
1.78724
1.78737
1.78743
1.78743
1.78736
1.78723
1.78705
1.78681
1.78653
1.7862
1.78582
1.78542
1.785
1.78457
1.78412
1.78368
1.78325
1.78284
1.78246
1.7821
1.78179
1.78152
1.7813
1.78114
1.78104
1.78101
1.78103
1.78112
1.78129
1.78152
1.78183
1.78221
1.78266
1.78319
1.78379
1.78446
1.7852
1.78601
1.7869
1.78784
1.78885
1.78992
1.79104
1.7922
1.79341
1.79465
1.79592
1.79721
1.79851
1.79983
1.80114
1.80244
1.80373
1.805
1.80625
1.80746
1.80864
1.80979
1.81091
1.81198
1.81302
1.81403
1.815
1.81596
1.81689
1.8178
1.8187
1.81959
1.82048
1.82137
1.82226
1.82317
1.82409
1.82503
1.82599
1.82696
1.82797
1.829
1.83006
1.83114
1.83225
1.83339
1.83454
1.83572
1.83693
1.83816
1.8394
1.84066
1.84193
1.8432
1.84448
1.84577
1.84704
1.84829
1.84954
1.85076
1.85194
1.85308
1.85419
1.85524
1.85623
1.85718
1.85803
1.85883
1.85955
1.86019
1.86075
1.86123
1.86163
1.86196
1.8622
1.86238
1.86248
1.86252
1.8625
1.86242
1.86229
1.86211
1.86189
1.86164
1.86136
1.86106
1.86075
1.86042
1.86009
1.85976
1.85944
1.85914
1.85885
1.8586
1.85837
1.85817
1.85802
1.85791
1.85784
1.85784
1.85788
1.85798
1.85813
1.85835
1.85864
1.85897
1.85938
1.85984
1.86037
1.86095
1.86158
1.86226
1.863
1.86378
1.86461
1.86547
1.86637
1.86729
1.86826
1.86924
1.87024
1.87127
1.87232
1.87337
1.87444
1.87551
1.87658
1.87766
1.87872
1.8798
1.88085
1.88191
1.88295
1.88397
1.88499
1.88599
1.88698
1.88795
1.88891
1.88985
1.89078
1.89171
1.89262
1.89352
1.8944
1.89529
1.89617
1.89704
1.89791
1.89878
1.89964
1.9005
1.90137
1.90223
1.90309
1.90396
1.90482
1.90569
1.90655
1.90743
1.90829
1.90916
1.91002
1.91088
1.91174
1.91259
1.91343
1.91427
1.91509
1.91592
1.91672
1.91753
1.91832
1.9191
1.91986
1.92063
1.92137
1.92209
1.9228
1.9235
1.92418
1.92484
1.92549
1.92612
1.92674
1.92733
1.9279
1.92847
1.92902
1.92955
1.93007
1.93057
1.93106
1.93153
1.93199
1.93244
1.93287
1.93329
1.9337
1.93409
1.93448
1.93485
1.93522
1.93557
1.93592
1.93626
1.9366
1.93693
1.93725
1.93757
1.93789
1.93821
1.93854
1.93886
1.93919
1.93953
1.93987
1.94023
1.94059
1.94097
1.94136
1.94177
1.9422
1.94264
1.9431
1.94359
1.94409
1.94462
1.94518
1.94575
1.94635
1.94698
1.94763
1.94831
1.94901
1.94974
1.9505
1.95127
1.95207
1.95289
1.95373
1.95458
1.95545
1.95632
1.9572
1.95808
1.95895
1.95981
1.96066
1.96148
1.96228
1.96304
1.96378
1.96447
1.96512
1.96573
1.96628
1.96679
1.96725
1.96766
1.96802
1.96833
1.96859
1.96881
1.96898
1.96911
1.96921
1.96928
1.96931
1.96932
1.96931
1.96928
1.96924
1.9692
1.96915
1.96911
1.96907
1.96905
1.96904
1.96905
1.9691
1.96918
1.96929
1.96944
1.96963
1.96986
1.97015
1.97047
1.97084
1.97126
1.97172
1.97221
1.97274
1.97331
1.9739
1.97451
1.97514
1.97578
1.97642
1.97707
1.97771
1.97833
1.97895
1.97954
1.98011
1.98067
1.98119
1.98168
1.98215
1.9826
1.98302
1.98341
1.98378
1.98413
1.98446
1.98478
1.98508
1.98536
1.98564
1.9859
1.98616
1.98641
1.98666
1.9869
1.98715
1.9874
1.98765
1.98791
1.98819
1.98847
1.98877
1.98909
1.98943
1.98979
1.99018
1.9906
1.99104
1.99152
1.99203
1.99256
1.99312
1.99371
1.99431
1.99493
1.99557
1.9962
1.99684
1.99748
1.9981
1.99871
1.99929
1.99984
2.00036
2.00085
2.00129
2.00168
2.00203
2.00233
2.00259
2.00279
2.00295
2.00306
2.00313
2.00314
2.00313
2.00306
2.00295
2.0028
2.00261
2.00237
2.00211
2.0018
2.00146
2.0011
2.00069
2.00027
1.99982
1.99935
1.99885
1.99834
1.99781
1.99726
1.99672
1.99615
1.99557
1.99499
1.99439
1.99379
1.99317
1.99255
1.99192
1.99128
1.99062
1.98995
1.98928
1.9886
1.9879
1.98719
1.98647
1.98575
1.98503
1.9843
1.98357
1.98284
1.98212
1.98141
1.98071
1.98002
1.97935
1.9787
1.97807
1.97747
1.97689
1.97633
1.9758
1.9753
1.97483
1.97439
1.97396
1.97358
1.97322
1.97288
1.97259
1.97231
1.97207
1.97186
1.97168
1.97153
1.97141
1.97133
1.97128
1.97127
1.97128
1.97132
1.9714
1.97151
1.97165
1.97182
1.97201
1.97223
1.97247
1.97274
1.97303
1.97335
1.97368
1.97403
1.97441
1.9748
1.9752
1.97563
1.97607
1.97653
1.97701
1.9775
1.97801
1.97853
1.97907
1.97963
1.98019
1.98078
1.98137
1.98198
1.9826
1.98323
1.98388
1.98454
1.98522
1.9859
1.9866
1.98731
1.98803
1.98877
1.98952
1.99028
1.99104
1.99182
1.99261
1.99341
1.99421
1.99502
1.99583
1.99663
1.99744
1.99825
1.99904
1.99982
2.00059
2.00135
2.00209
2.00282
2.00353
2.00421
2.00488
2.00552
2.00615
2.00675
2.00734
2.00791
2.00846
2.009
2.00952
2.01003
2.01053
2.01101
2.01148
2.01194
2.01238
2.01281
2.01323
2.01364
2.01403
2.0144
2.01476
2.0151
2.01543
2.01575
2.01605
2.01634
2.01662
2.01688
2.01714
2.01739
2.01762
2.01785
2.01808
2.0183
2.01852
2.01873
2.01894
2.01915
2.01936
2.01957
2.01979
2.02001
2.02023
2.02047
2.02071
2.02096
2.02123
2.0215
2.02179
2.0221
2.02244
2.02278
2.02315
2.02354
2.02396
2.0244
2.02488
2.02537
2.02589
2.02643
2.027
2.02759
2.02821
2.02884
2.02949
2.03015
2.03081
2.03149
2.03217
2.03285
2.03353
2.03421
2.03488
2.03554
2.03619
2.03684
2.03747
2.0381
2.0387
2.03929
2.03986
2.04041
2.04095
2.04145
2.04193
2.04239
2.04282
2.04322
2.0436
2.04394
2.04426
2.04455
2.04481
2.04504
2.04525
2.04545
2.04562
2.04578
2.04593
2.04608
2.04622
2.04636
2.0465
2.04666
2.04682
2.047
2.04719
2.0474
2.04762
2.04786
2.04812
2.04839
2.04868
2.04899
2.04931
2.04964
2.04997
2.05032
2.05067
2.05102
2.05138
2.05174
2.0521
2.05245
2.0528
2.05315
2.0535
2.05384
2.05418
2.0545
2.05482
2.05513
2.05543
2.05572
2.056
2.05626
2.05651
2.05674
2.05696
2.05715
2.05733
2.05749
2.05763
2.05776
2.05787
2.05796
2.05804
2.05812
2.05819
2.05825
2.05831
2.05838
2.05844
2.05852
2.05859
2.05868
2.05878
2.05889
2.05902
2.05916
2.05932
2.05948
2.05966
2.05984
2.06004
2.06025
2.06046
2.06067
2.06089
2.06111
2.06133
2.06155
2.06176
2.06196
2.06216
2.06234
2.06252
2.06268
2.06281
2.06292
2.06301
2.06307
2.06309
2.06308
2.06303
2.06293
2.06279
2.0626
2.06235
2.06206
2.06172
2.06132
2.06086
2.06036
2.05981
2.05921
2.05857
2.05789
2.05717
2.05643
2.05567
2.05489
2.05409
2.05329
2.05248
2.05168
2.0509
2.05012
2.04935
2.04861
2.04789
2.0472
2.04654
2.04591
2.04531
2.04474
2.04419
2.04368
2.0432
2.04277
2.04236
2.04198
2.04162
2.04131
2.04103
2.04077
2.04054
2.04035
2.04018
2.04004
2.03991
2.03983
2.03974
2.03969
2.03964
2.0396
2.03957
2.03956
2.03955
2.03953
2.03952
2.03951
2.0395
2.03949
2.03949
2.03948
2.03949
2.03951
2.03954
2.03959
2.03966
2.03976
2.03988
2.04005
2.04026
2.0405
2.0408
2.04114
2.04154
2.042
2.04252
2.0431
2.04374
2.04444
2.04521
2.04604
2.04694
2.04789
2.04891
2.04999
2.05113
2.05232
2.05356
2.05486
2.0562
2.05759
2.05902
2.06048
2.06197
2.06348
2.06501
2.06655
2.06809
2.06962
2.07114
2.07263
2.07409
2.07552
2.07691
2.07825
2.07952
2.08074
2.08188
2.08296
2.08395
2.08488
2.08573
2.0865
2.0872
2.08782
2.08837
2.08886
2.08928
2.08964
2.08996
2.09022
2.09044
2.09062
2.09078
2.09091
2.09102
2.09112
2.09122
2.09131
2.09141
2.09151
2.09163
2.09176
2.09191
2.09208
2.09228
2.0925
2.09274
2.09302
2.09332
2.09365
2.09399
2.09436
2.09475
2.09516
2.09557
2.09599
2.09642
2.09684
2.09725
2.09766
2.09804
2.0984
2.09874
2.09903
2.09929
2.09949
2.09965
2.09975
2.09979
2.09978
2.09969
2.09954
2.09933
2.09904
2.09869
2.09826
2.09777
2.09721
2.09658
2.0959
2.09515
2.09435
2.0935
2.09261
2.09167
2.09069
2.08969
2.08867
2.08763
2.08657
2.08551
2.08444
2.08338
2.08233
2.08129
2.08027
2.07927
2.07829
2.07733
2.0764
2.0755
2.07463
2.07377
2.07295
2.07215
2.07137
2.07061
2.06987
2.06914
2.06842
2.06772
2.06701
2.0663
2.06559
2.06488
2.06415
2.06341
2.06265
2.06187
2.06106
2.06022
2.05935
2.05846
2.05752
2.05655
2.05555
2.0545
2.05342
2.05229
2.05113
2.04995
2.04872
2.04745
2.04617
2.04485
2.04352
2.04216
2.04078
2.0394
2.038
2.03661
2.03521
2.03382
2.03244
2.03108
2.02971
2.02838
2.02706
2.02577
2.02449
2.02324
2.02201
2.0208
2.01961
2.01845
2.0173
2.01617
2.01505
2.01394
2.01285
2.01177
2.01069
2.00962
2.00855
2.00749
2.00643
2.00537
2.00431
2.00326
2.0022
2.00115
2.00009
1.99904
1.998
1.99695
1.99592
1.99491
1.9939
1.9929
1.99193
1.99098
1.99005
1.98914
1.98827
1.98743
1.98663
1.98586
1.98514
1.98446
1.98382
1.98323
1.98268
1.98219
1.98175
1.98136
1.98103
1.98074
1.98051
1.98032
1.9802
1.98012
1.98009
1.9801
1.98016
1.98026
1.9804
1.98057
1.98078
1.98102
1.98128
1.98156
1.98186
1.98218
1.98251
1.98285
1.98319
1.98354
1.9839
1.98426
1.98463
1.98498
1.98534
1.98571
1.98608
1.98645
1.98683
1.98721
1.98761
1.988
1.98842
1.98884
1.98928
1.98974
1.99023
1.99073
1.99126
1.99181
1.99239
1.993
1.99364
1.99432
1.99503
1.99576
1.99653
1.99734
1.99817
1.99904
1.99993
2.00085
2.0018
2.00276
2.00375
2.00476
2.00577
2.0068
2.00783
2.00886
2.00989
2.01092
2.01194
2.01294
2.01393
2.01489
2.01583
2.01674
2.01762
2.01846
2.01928
2.02006
2.02081
2.02153
2.02222
2.02287
2.02349
2.02409
2.02466
2.02521
2.02573
2.02624
2.02672
2.02718
2.02763
2.02807
2.0285
2.02893
2.02935
2.02977
2.0302
2.03063
2.03106
2.0315
2.03196
2.03243
2.03291
2.03341
2.03392
2.03446
2.035
2.03557
2.03614
2.03673
2.03733
2.03793
2.03854
2.03916
2.03976
2.04037
2.04095
2.04153
2.04209
2.04262
2.04314
2.04362
2.04406
2.04448
2.04486
2.04519
2.04549
2.04575
2.04597
2.04615
2.0463
2.0464
2.04647
2.04651
2.04652
2.04649
2.04645
2.04638
2.0463
2.0462
2.04608
2.04597
2.04585
2.04573
2.04562
2.04553
2.04545
2.0454
2.04538
2.04539
2.04543
2.04552
2.04565
2.04584
2.04606
2.04633
2.04665
2.04701
2.04741
2.04787
2.04835
2.04887
2.04942
2.04999
2.05059
2.05119
2.05181
2.05243
2.05304
2.05365
2.05425
2.05483
2.0554
2.05594
2.05646
2.05695
2.05742
2.05785
2.05826
2.05864
2.05899
2.05931
2.05962
2.0599
2.06016
2.06041
2.06066
2.06089
2.06112
2.06136
2.0616
2.06186
2.06213
2.06243
2.06275
2.0631
2.06349
2.06391
2.06437
2.06487
2.06542
2.066
2.06662
2.06729
2.06799
2.06873
2.06951
2.07031
2.07114
2.072
2.07289
2.07377
2.07468
2.07559
2.07651
2.07741
2.07832
2.07921
2.0801
2.08096
2.0818
2.08262
2.0834
2.08417
2.08489
2.08558
2.08623
2.08684
2.08741
2.08794
2.08842
2.08886
2.08926
2.08961
2.08992
2.09019
2.09043
2.09064
2.0908
2.09094
2.09105
2.09114
2.09122
2.09127
2.09132
2.09136
2.0914
2.09143
2.09147
2.09152
2.09157
2.09164
2.09171
2.0918
2.09191
2.09203
2.09218
2.09233
2.09251
2.0927
2.09291
2.09314
2.09338
2.09364
2.09391
2.0942
2.09449
2.09479
2.09509
2.0954
2.0957
2.096
2.09629
2.09657
2.09684
2.09709
2.09732
2.09752
2.09771
2.09786
2.09797
2.09806
2.09812
2.09814
2.09811
2.09806
2.09797
2.09783
2.09766
2.09746
2.09721
2.09693
2.09662
2.09627
2.09589
2.09549
2.09506
2.0946
2.09412
2.09364
2.09314
2.09263
2.09211
2.0916
2.0911
2.09061
2.09012
2.08966
2.08922
2.08879
2.0884
2.08804
2.08771
2.08741
2.08714
2.08689
2.08668
2.08649
2.08632
2.08617
2.08604
2.08591
2.08578
2.08566
2.08553
2.08539
2.08522
2.08503
2.08482
2.08457
2.08428
2.08394
2.08354
2.0831
2.08261
2.08205
2.08144
2.08076
2.08002
2.07923
2.07837
2.07746
2.0765
2.0755
2.07445
2.07337
2.07225
2.07112
2.06999
2.06884
2.0677
2.06656
2.06545
2.06438
2.06333
2.06234
2.0614
2.06053
2.05971
2.05898
2.05833
2.05775
2.05727
2.05686
2.05655
2.05631
2.05616
2.05609
2.05609
2.05616
2.05629
2.05648
2.05672
2.057
2.05731
2.05763
2.05797
2.05832
2.05866
2.05899
2.0593
2.05958
2.05983
2.06006
2.06024
2.06038
2.06049
2.06055
2.06058
2.06057
2.06054
2.06048
2.0604
2.06031
2.06021
2.0601
2.06
2.05993
2.05986
2.05983
2.05984
2.05988
2.05997
2.06011
2.06031
2.06057
2.0609
2.06129
2.06175
2.06227
2.06287
2.06353
2.06426
2.06505
2.0659
2.0668
2.06776
2.06877
2.06981
2.0709
2.072
2.07313
2.07428
2.07543
2.07657
2.0777
2.07882
2.07991
2.08096
2.08197
2.08292
2.08383
2.08466
2.08543
2.08614
2.08677
2.08733
2.08782
2.08823
2.08858
2.08887
2.08909
2.08926
2.08938
2.08945
2.0895
2.08952
2.0895
2.08947
2.08944
2.0894
2.08936
2.08934
2.08932
2.08933
2.08935
2.08941
2.0895
2.08962
2.08977
2.08996
2.0902
2.09046
2.09077
2.09111
2.0915
2.09192
2.09237
2.09285
2.09334
2.09387
2.09442
2.09497
2.09552
2.09609
2.09664
2.09718
2.09769
2.09818
2.09864
2.09906
2.09944
2.09977
2.10005
2.10027
2.10045
2.10057
2.10063
2.10064
2.10061
2.10052
2.1004
2.10023
2.10004
2.09982
2.09958
2.09932
2.09905
2.09878
2.09851
2.09825
2.098
2.09776
2.09754
2.09734
2.09717
2.09703
2.09691
2.09682
2.09678
2.09676
2.09678
2.09683
2.09692
2.09704
2.0972
2.0974
2.09762
2.09787
2.09816
2.09847
2.09881
2.09916
2.09953
2.09992
2.10033
2.10073
2.10114
2.10154
2.10194
2.10233
2.1027
2.10306
2.10339
2.1037
2.10398
2.10423
2.10446
2.10465
2.10482
2.10496
2.10507
2.10516
2.10521
2.10525
2.10527
2.10526
2.10524
2.10521
2.10517
2.10511
2.10506
2.105
2.10495
2.10489
2.10485
2.1048
2.10478
2.10477
2.10478
2.1048
2.10484
2.10491
2.10499
2.1051
2.10524
2.10539
2.10558
2.10579
2.10601
2.10627
2.10655
2.10685
2.10717
2.10751
2.10786
2.10823
2.1086
2.10899
2.10937
2.10977
2.11016
2.11055
2.11093
2.11131
2.11169
2.11205
2.11242
2.11276
2.1131
2.11345
2.11379
2.11413
2.11446
2.1148
2.11514
2.11549
2.11584
2.11621
2.11658
2.11697
2.11737
2.11779
2.11822
2.11867
2.11915
2.11965
2.12016
2.12069
2.12126
2.12184
2.12243
2.12305
2.12369
2.12434
2.125
2.12568
2.12636
2.12705
2.12775
2.12844
2.12914
2.12983
2.13052
2.13119
2.13187
2.13252
2.13316
2.13379
2.1344
2.13498
2.13555
2.13611
2.13663
2.13714
2.13762
2.13808
2.13851
2.13891
2.13929
2.13964
2.13996
2.14026
2.14052
2.14075
2.14094
2.1411
2.14122
2.14131
2.14136
2.14137
2.14135
2.14129
2.1412
2.14108
2.14092
2.14073
2.14052
2.14028
2.14003
2.13975
2.13945
2.13914
2.13882
2.13849
2.13814
2.13779
2.13743
2.13707
2.1367
2.13633
2.13596
2.13559
2.13521
2.13484
2.13447
2.13411
2.13375
2.1334
2.13306
2.13273
2.13242
2.13214
2.13187
2.13163
2.13142
2.13123
2.13109
2.13098
2.13091
2.13088
2.1309
2.13095
2.13106
2.13121
2.13139
2.13164
2.13192
2.13224
2.13262
2.13304
2.1335
2.134
2.13455
2.13514
2.13578
2.13646
2.1372
2.13799
2.13883
2.13972
2.14068
2.14169
2.14277
2.14391
