0.419984
25.3379
25.2897
25.3855
25.2799
25.4433
25.5103
25.2576
25.2275
25.2585
25.3576
25.3323
25.1988
24.9789
25.2209
25.2956
25.3166
25.0176
25.2297
25.2655
25.1421
25.1503
25.1002
25.0671
25.0806
24.987
25.044
25.0227
24.9913
25.0289
25.1213
24.8148
25.082
25.0084
25.0384
24.9122
24.8995
24.9602
24.8624
24.8791
24.6763
25.0336
24.8587
24.8518
24.7001
24.767
24.7544
24.8954
24.8793
24.7473
24.8003
24.5823
24.8072
24.8046
24.5119
24.8936
24.6934
24.6595
24.6729
24.7329
24.6721
24.5393
24.7155
24.6174
24.5385
24.4699
24.5638
24.4745
24.6346
24.7034
24.4593
24.3875
24.4484
24.5683
24.488
24.3769
24.1863
24.4237
24.4782
24.5101
24.2193
24.4231
24.4655
24.3457
24.3493
24.3069
24.2683
24.2763
24.2017
24.2445
24.2285
24.1582
24.2524
24.3247
24.0387
24.3076
24.2095
24.2833
24.1168
24.1414
24.206
24.109
24.1283
23.9396
24.3016
24.131
24.1284
23.9814
24.0544
24.0512
24.1898
24.1857
24.0594
24.1152
23.9056
24.1378
24.142
23.8536
24.2459
24.047
24.0269
23.9987
24.1058
24.0428
23.9288
24.0974
24.0211
23.9274
23.8703
23.9662
23.8959
24.0631
24.1283
23.9104
23.8231
23.8947
24.0364
23.9326
23.8371
23.6734
23.9098
23.9681
24.0055
23.7323
23.9213
23.9724
23.8718
23.8835
23.8506
23.8048
23.8256
23.765
23.8031
23.7987
23.7248
23.8396
23.9045
23.6342
23.9119
23.806
23.9012
23.7231
23.7644
23.8351
23.7435
23.762
23.5809
23.9451
23.7801
23.7839
23.6384
23.7199
23.7194
23.8549
23.859
23.7371
23.7882
23.5873
23.8249
23.8367
23.5428
23.9432
23.7467
23.7361
23.694
23.8188
23.7511
23.6502
23.8176
23.7521
23.6455
23.5962
23.6986
23.6337
23.8062
23.8651
23.663
23.5752
23.6424
23.7949
23.6856
23.5935
23.4367
23.6727
23.731
23.7673
23.5034
23.6794
23.7329
23.6395
23.6644
23.6303
23.5757
23.6082
23.552
23.5849
23.587
23.5168
23.6303
23.692
23.4242
23.7077
23.5962
23.6993
23.5198
23.5636
23.6365
23.5423
23.5631
23.3847
23.7467
23.5872
23.5966
23.444
23.5318
23.5303
23.661
23.671
23.5506
23.5937
23.398
23.6371
23.6557
23.3551
23.7583
23.5644
23.5556
23.512
23.6387
23.5683
23.4762
23.642
23.5821
23.4653
23.4212
23.5278
23.4643
23.6389
23.7161
23.5204
23.4357
23.4975
23.6535
23.5465
23.453
23.2961
23.5328
23.5883
23.6229
23.3629
23.5328
23.6092
23.4945
23.53
23.4928
23.4278
23.4696
23.4176
23.4447
23.4523
23.388
23.495
23.5578
23.287
23.5761
23.46
23.5681
23.3873
23.4297
23.5064
23.4085
23.4312
23.2559
23.6136
23.4587
23.4662
23.3136
23.4038
23.4033
23.5308
23.5469
23.4266
23.4619
23.2695
23.5105
23.5358
23.2313
23.6324
23.4403
23.4307
23.3914
23.5142
23.4415
23.356
23.5192
23.4642
23.337
23.2967
23.4082
23.3442
23.5191
23.5691
23.3796
23.2942
23.3522
23.5094
23.4104
23.3104
23.1541
23.3901
23.4438
23.4762
23.2187
23.3851
23.4598
23.3471
23.389
23.3491
23.2768
23.3251
23.2761
23.2972
23.3111
23.2492
23.3521
23.4152
23.1406
23.4363
23.3144
23.4285
23.2429
23.2852
23.3644
23.2648
23.285
23.1137
23.4664
23.3161
23.3219
23.165
23.2564
23.2574
23.3825
23.4037
23.2837
23.3104
23.1206
23.3637
23.3956
23.0847
23.4838
23.2928
23.2829
23.247
23.3655
23.2899
23.2097
23.3693
23.32
23.183
23.147
23.2625
23.1968
23.3716
23.4181
23.2333
23.1472
23.2016
23.3595
23.268
23.1606
23.0066
23.2403
23.2938
23.3239
23.068
23.2316
23.3028
23.1929
23.238
23.1972
23.1207
23.1718
23.1274
23.1399
23.1593
23.0983
23.1998
23.2604
22.9844
23.2876
23.1584
23.2787
23.0851
23.1295
23.2075
23.1094
23.1235
22.959
23.3055
23.1588
23.1609
23.0001
23.094
23.0953
23.2195
23.2444
23.126
23.1451
22.9568
23.2
23.2384
22.922
23.3202
23.1292
23.1205
23.0828
23.2004
23.1219
23.0463
23.1998
23.1573
23.0128
22.9803
23.0991
23.0311
23.2055
23.2495
23.0673
22.9821
23.0325
23.1907
23.1038
22.9895
22.8384
23.0695
23.1229
23.1502
22.8952
23.058
23.1241
23.0172
23.0627
23.0204
22.943
22.9942
22.9555
22.9571
22.9819
22.92
23.0216
23.0784
22.8038
23.1148
22.978
23.1047
22.9028
22.9488
23.0222
22.9281
22.9335
22.78
23.1185
22.9752
22.9732
22.8092
22.9066
22.9069
23.0305
23.0601
22.9434
22.9554
22.7688
23.0109
23.0545
22.7346
23.1332
22.9414
22.9348
22.891
23.0095
22.9299
22.8583
23.0036
22.965
22.8192
22.7882
22.9103
22.8402
23.0015
23.0435
22.8622
22.7798
22.8245
22.9838
22.8989
22.7772
22.6303
22.8595
22.9109
22.9363
22.6815
22.8464
22.9071
22.8028
22.8494
22.8017
22.7278
22.7759
22.7445
22.7314
22.765
22.6996
22.8017
22.8554
22.5836
22.9004
22.7577
22.8899
22.682
22.7266
22.7946
22.7043
22.6983
22.5595
22.8696
22.7472
22.742
22.576
22.6768
22.6751
22.797
22.8324
22.7163
22.7187
22.5359
22.7769
22.8243
22.5019
22.9005
22.7072
22.7029
22.6512
22.7706
22.6907
22.6232
22.7578
22.7175
22.5771
22.5451
22.6712
22.5993
22.7733
22.814
22.6331
22.5529
22.5903
22.7527
22.6666
22.538
22.3955
22.6238
22.6713
22.6962
22.4411
22.6114
22.6652
22.5629
22.6135
22.5512
22.4882
22.5308
22.5054
22.4744
22.5188
22.4508
22.5532
22.603
22.3345
22.6519
22.5092
22.6443
22.4345
22.4757
22.5367
22.4469
22.4288
22.307
22.5946
22.4851
22.4785
22.3113
22.4175
22.4117
22.5303
22.5741
22.4565
22.4446
22.2684
22.5118
22.558
22.2344
22.6331
22.4365
22.4132
22.3509
22.4727
22.3903
22.3284
22.4497
22.4081
22.2705
22.2364
22.3677
22.294
22.4668
22.5065
22.3261
22.2446
22.2729
22.4406
22.3484
22.2154
22.075
22.3036
22.3444
22.371
22.1149
22.2935
22.3376
22.2361
22.2919
22.2045
22.1613
22.1957
22.1716
22.1219
22.1793
22.1076
22.1785
22.2539
21.9879
22.2991
22.1639
22.2969
22.0922
22.1294
22.176
22.0842
22.054
21.9515
22.2108
22.1426
22.1352
21.9664
22.0785
22.0667
22.1803
22.2337
22.1128
22.0794
21.9129
22.1643
22.1975
21.8763
22.2745
22.0732
22.0807
22.0068
22.1343
22.0438
21.9905
22.0956
22.0549
21.9158
21.8798
22.0145
21.9391
22.1117
22.1481
21.9698
21.8848
21.9005
22.0779
21.9702
21.8393
21.7042
21.9337
21.9655
21.996
21.7392
21.9553
21.9877
21.885
21.9464
21.8278
21.8138
21.8514
21.8053
21.7394
21.8095
21.7323
21.7878
21.8726
21.6071
21.904
21.7905
21.9093
21.7183
21.7495
21.7714
21.6807
21.6387
21.5594
21.7842
21.7077
21.6972
21.5284
21.6447
21.6298
21.7663
21.7975
21.6761
21.6158
21.4619
21.7274
21.7333
21.4205
21.8169
21.6153
21.6103
21.5421
21.6779
21.5726
21.5325
21.6189
21.5779
21.4366
21.4017
21.5327
21.4557
21.6314
21.6603
21.4863
21.4013
21.3986
21.589
21.4569
21.3371
21.188
21.4201
21.4403
21.4786
21.2229
21.4218
21.4431
21.3391
21.3978
21.2586
21.2769
21.2772
21.2352
21.1647
21.2429
21.1652
21.2025
21.3009
21.0366
21.3052
21.2111
21.3214
21.155
21.1764
21.1673
21.0878
21.0328
20.9765
21.172
21.1157
21.0915
20.9274
21.0404
21.0331
21.1665
21.1977
21.0803
20.9929
20.8509
21.1339
21.104
20.802
21.1964
21.0033
20.9671
20.9202
21.0693
20.9497
20.9225
20.991
20.9498
20.8072
20.7777
20.8997
20.8259
21.0048
21.017
20.8528
20.7775
20.7501
20.959
20.7976
20.6964
20.5366
20.7753
20.7813
20.83
20.5768
20.7867
20.8005
20.6979
20.7274
20.5988
20.6446
20.6029
20.5606
20.5003
20.5812
20.5128
20.5333
20.6452
20.3822
20.6118
20.5457
20.644
20.505
20.4924
20.4561
20.3911
20.3257
20.2913
20.4681
20.4353
20.381
20.1627
20.2696
20.2764
20.4127
20.4371
20.3301
20.2138
20.0653
20.3703
20.2985
20.0054
20.3973
20.2211
20.1487
20.1248
20.2841
20.158
20.1305
20.2003
20.1563
20.0111
19.993
20.1063
20.0386
20.2008
20.2053
20.0531
19.9932
19.9428
20.0931
19.98
19.8935
19.7315
19.9687
19.9685
20.0227
19.8024
20.0234
20.0338
19.9334
19.9244
19.8214
19.8823
19.8054
19.7583
19.7167
19.7647
19.7131
19.7202
19.7923
19.5642
19.7675
19.7349
19.8181
19.7002
19.6981
19.6524
19.5925
19.5211
19.5086
19.6713
19.6654
19.5777
19.4239
19.5366
19.5546
19.7027
19.7184
19.6258
19.4876
19.3629
19.695
19.5835
19.2999
19.6928
19.5524
19.4361
19.4351
19.6004
19.5021
19.435
19.5186
19.473
19.3235
19.3271
19.4366
19.3761
19.535
19.539
19.3662
19.3181
19.2641
19.398
19.2964
19.2171
19.0656
19.2738
19.3027
19.3544
19.109
19.3436
19.3575
19.2161
19.2295
19.1485
19.2229
19.1169
19.0695
19.0472
19.1344
19.1066
19.1033
19.1545
18.9296
19.1299
19.1329
19.1994
19.095
19.0841
19.0495
18.9848
18.9084
18.9205
19.0684
19.0888
18.9811
18.8293
18.9491
18.9773
19.132
19.1463
19.0638
18.9231
18.7982
19.1398
19.0112
18.732
19.1321
19.0266
18.8679
18.8879
19.052
18.9504
18.8829
18.9903
18.941
18.7845
18.8126
18.9179
18.8675
19.022
19.0331
18.8748
18.8349
18.787
18.9081
18.8178
18.7369
18.6052
18.7918
18.8442
18.8879
18.6427
18.8924
18.9098
18.7361
18.7483
18.6835
18.7652
18.6367
18.6057
18.584
18.6704
18.719
18.7065
18.797
18.5097
18.719
18.7498
18.8002
18.7026
18.6843
18.6676
18.5927
18.5069
18.5405
18.6731
18.7162
18.598
18.4552
18.5855
18.6212
18.777
18.7549
18.7123
18.5828
18.4481
18.7797
18.6565
18.3736
18.7957
18.6933
18.5057
18.5437
18.709
18.5955
18.5439
18.6649
18.6046
18.4424
18.4917
18.5887
18.5523
18.6935
18.6901
18.5303
18.4949
18.4589
18.5652
18.4873
18.3919
18.285
18.4513
18.521
18.559
18.3035
18.5702
18.5872
18.4406
18.4508
18.4075
18.4856
18.3439
18.3384
18.3055
18.3901
18.3964
18.3802
18.4028
18.1687
18.3878
18.4319
18.4687
18.3744
18.3476
18.3543
18.2647
18.1706
18.2221
18.3404
18.4015
18.281
18.1225
18.2634
18.3046
18.4654
18.4217
18.3894
18.2823
18.1381
18.4531
18.3383
18.0579
18.4908
18.3815
18.1717
18.2297
18.4015
18.2726
18.2463
18.3729
18.2962
18.1307
18.1966
18.2928
18.2664
18.4389
18.4101
18.2542
18.2201
18.206
18.2959
18.2316
18.1175
18.0341
18.1911
18.2713
18.3034
18.0341
18.3173
18.3396
18.1891
18.1955
18.1763
18.2459
18.0944
18.1151
18.0697
18.1547
18.17
18.1547
18.1722
17.9359
18.165
18.2091
18.2378
18.1418
18.1081
18.1433
18.0299
17.9338
18.0032
18.1022
18.1756
18.0613
17.8993
18.0583
18.0982
18.26
18.2016
18.181
18.087
17.9367
18.2364
18.161
17.8973
18.3122
18.2259
18.0066
18.0801
18.2606
18.114
18.1128
18.241
18.1481
17.9772
18.0554
18.1598
18.1315
18.2749
18.2439
18.0834
18.0061
18.0207
18.0893
18.0388
17.9026
17.8375
17.9934
18.0806
18.1534
17.8718
18.1687
18.1678
18.0404
18.0423
18.0442
18.1067
17.986
17.9848
17.9309
18.0132
18.0369
18.0239
18.0455
17.7991
18.0329
18.0726
18.0979
18.0504
18.0127
18.0763
17.9308
17.8403
17.9227
18.0048
18.0836
17.9806
17.8168
17.9914
18.0296
18.1842
18.124
18.0914
18.0072
17.8616
18.1934
18.01
17.7728
18.1957
18.1075
17.8934
17.9742
18.1532
17.9986
18.0124
18.1413
18.037
17.8589
17.9434
18.0555
18.0123
18.1359
18.1594
17.9812
17.9627
18.0114
18.0499
18.0186
17.8564
17.7962
17.972
18.053
18.1202
17.7744
18.0852
18.0744
17.9555
17.9492
17.9784
18.03
17.8962
17.9082
17.8568
17.9293
17.9652
17.9259
17.9882
17.7254
17.9589
17.9918
18.0196
17.9092
17.8679
17.9617
17.7803
17.7027
17.7899
17.863
17.9439
17.851
17.6871
17.8777
17.9084
18.0557
18.002
17.9759
17.9638
17.8331
18.1478
17.9506
17.7407
18.1597
18.0721
17.8712
17.9566
18.1164
17.9722
17.992
18.1178
18.0111
17.8316
17.9149
18.0341
17.968
18.1014
18.2226
17.9335
17.9318
18.0142
18.0213
18.0144
17.8259
17.7581
17.9682
18.0363
18.0954
17.7362
18.0633
18.0466
17.9316
17.9124
17.9726
18.0133
17.8682
17.8836
17.8435
17.9015
17.9503
17.8806
17.9928
17.7077
17.9395
17.9651
18
17.8785
17.8331
17.9588
17.7409
17.6767
17.7666
17.8356
17.9208
17.8343
17.6742
17.8713
17.8954
18.1317
18.0864
18.0642
17.992
17.8674
18.1666
17.9545
17.7646
18.1857
18.1002
17.9134
18.0018
18.1299
18.0023
18.021
18.1467
18.0423
17.8671
17.9478
18.0643
17.9778
18.118
18.2438
17.9438
17.9559
18.0546
18.128
18.0605
17.8463
17.7696
17.9987
18.0607
18.2013
17.8239
18.1693
18.1496
18.0373
18.0031
18.0812
18.1169
17.9708
17.9789
17.9792
18.0232
18.0819
17.9955
18.17
17.8286
18.0554
18.0826
18.1201
17.9863
17.9336
18.0919
17.8406
17.7855
17.8748
17.9378
18.0329
17.9486
17.7915
17.989
18.002
18.1433
18.1254
18.0831
17.9599
17.8325
18.1151
17.8943
17.7146
18.1434
18.0582
17.8821
17.9712
18.0623
17.9464
17.9598
18.0932
18.0747
17.8261
17.9106
18.0058
17.9072
18.0415
18.1791
17.8696
17.9045
18.0056
18.0653
18.1032
17.8673
17.8005
17.9995
18.0786
18.1202
17.7233
18.0833
18.0641
17.9555
17.9127
17.9961
18.0242
17.886
17.8828
17.8637
17.9032
17.9682
17.9463
18.038
17.6985
17.9193
17.9655
17.998
17.8185
17.7546
17.9464
17.672
17.6217
17.7101
17.762
17.8747
17.7867
17.6349
17.8213
17.8235
17.9786
17.9495
17.901
17.7979
17.6692
17.9269
17.7127
17.5388
17.9893
17.8887
17.7225
17.8078
17.8718
17.7611
17.7675
17.9139
17.892
17.6663
17.7538
17.8267
17.7233
17.8464
17.9613
17.6764
17.7443
17.7934
17.8454
17.8463
17.603
17.5513
17.7074
17.8112
17.8409
17.4262
17.802
17.7903
17.679
17.6366
17.7179
17.739
17.6121
17.5974
17.5844
17.6242
17.6943
17.6698
17.7385
17.4079
17.6188
17.6905
17.7189
17.5588
17.4888
17.7083
17.4179
17.3675
17.4618
17.4987
17.6323
17.5345
17.3885
17.5586
17.5554
17.7291
17.6911
17.6365
17.5582
17.423
17.6522
17.4556
17.2897
17.7351
17.6331
17.4825
17.5598
17.6043
17.4945
17.4936
17.6601
17.6325
17.4237
17.5013
17.5726
17.4697
17.5831
17.7099
17.4126
17.4958
17.5277
17.5736
17.5959
17.3501
17.3081
17.435
17.5568
17.5711
17.1437
17.5355
17.5376
17.4087
17.3766
17.4502
17.4669
17.354
17.3302
17.3189
17.3613
17.4394
17.4115
17.4628
17.1366
17.3276
17.4298
17.4611
17.2781
17.2111
17.4485
17.1414
17.0897
17.2007
17.2164
17.3732
17.2634
17.1278
17.2691
17.2744
17.4611
17.4217
17.3581
17.2949
17.1595
17.3682
17.1906
17.0367
17.4686
17.3576
17.232
17.2989
17.3206
17.2099
17.2004
17.3955
17.3593
17.1608
17.221
17.3029
17.2062
17.3079
17.4461
17.1377
17.2196
17.2464
17.2879
17.3297
17.0792
17.0363
17.1604
17.2833
17.2785
16.8457
17.2492
17.2727
17.1208
17.1041
17.1648
17.182
17.0817
17.0502
17.0348
17.0828
17.171
17.1417
17.1846
16.8523
17.0579
17.1938
17.2236
17.0216
16.9611
17.2098
16.796
16.7397
16.8759
16.8713
17.0478
16.9275
16.8011
16.9128
16.9313
17.127
17.0945
17.02
16.9638
16.8334
17.0298
16.9046
16.731
17.1443
17.023
16.924
16.9792
16.9837
16.8697
16.8491
17.0769
17.0333
16.841
16.8901
16.9787
16.8903
16.9833
17.1278
16.8345
16.9127
16.9419
16.9803
17.0383
16.785
16.7257
16.8683
16.9858
16.9597
16.5273
16.9351
16.9861
16.8093
16.8136
16.8556
16.8708
16.7821
16.7457
16.7195
16.7765
16.872
16.7401
16.8868
16.5388
16.6876
16.8569
16.8756
16.6647
16.6109
16.8611
16.5282
16.4663
16.6251
16.6027
16.7918
16.6612
16.5377
16.633
16.6629
16.8618
16.8348
16.7498
16.6952
16.57
16.759
16.6413
16.482
16.8855
16.7532
16.6751
16.7154
16.7094
16.5984
16.5588
16.8145
16.7683
16.5778
16.6178
16.7089
16.6276
16.7166
16.8789
16.5305
16.6126
16.6368
16.6809
16.7474
16.4936
16.412
16.576
16.6984
16.645
16.221
16.6191
16.6971
16.505
16.5295
16.5529
16.5637
16.4857
16.4444
16.4083
16.4753
16.5766
16.4399
16.5971
16.2382
16.3659
16.6389
16.6445
16.3568
16.3067
16.5539
16.2219
16.1492
16.3276
16.2963
16.4866
16.3555
16.2397
16.3174
16.3578
16.5611
16.5393
16.4492
16.3943
16.2739
16.4547
16.3433
16.1869
16.5997
16.4579
16.3907
16.4942
16.4097
16.3126
16.2461
16.5296
16.4089
16.2948
16.3266
16.421
16.3365
16.4331
16.5924
16.235
16.3282
16.3317
16.4006
16.4645
16.2141
16.1119
16.2947
16.4348
16.3455
15.9254
16.3249
16.4183
16.2297
16.2617
16.2733
16.2791
16.2088
16.1607
16.1188
16.1998
16.3097
16.1694
16.3199
15.9664
16.0742
16.2923
16.2903
16.0834
16.0332
16.2836
15.9568
15.8615
16.0632
16.0317
16.2242
16.0934
15.991
16.0512
16.0984
16.3026
16.2885
16.1952
16.143
16.0225
16.194
16.0907
15.9336
16.3575
16.2109
16.1405
16.2401
16.1538
16.0734
15.9811
16.2911
16.1777
16.0586
16.0957
16.1787
16.087
16.1908
16.3516
15.986
16.0999
16.0699
16.175
16.2345
15.9843
15.8712
16.06
16.2193
16.097
15.6682
16.0919
16.1846
16.0083
16.0386
16.0441
16.0444
15.9814
15.929
15.8773
15.9776
16.0988
15.9387
16.0885
15.7431
15.8323
16.0619
16.0597
15.8562
15.8022
16.0591
15.7343
15.6175
15.8448
15.8023
16.0063
15.8722
15.7886
15.827
15.8811
16.0825
16.0709
15.9798
15.9264
15.8049
15.97
15.8735
15.7064
16.1412
15.9942
15.9158
16.01
15.9264
15.8534
15.745
16.0764
15.9727
15.8455
15.8929
15.9574
15.858
15.9654
16.1305
15.7573
15.8879
15.8331
15.9662
16.0267
15.7675
15.6605
15.8317
16.0159
15.8645
15.4307
15.8783
15.965
15.796
15.8163
15.8286
15.8208
15.7729
15.7099
15.6549
15.7738
15.8964
15.7197
15.8703
15.537
15.6062
15.8467
15.8484
15.6531
15.5894
15.863
15.5308
15.4118
15.6531
15.5928
15.9078
15.7668
15.7029
15.7264
15.7883
15.9828
15.9741
15.8919
15.8422
15.7187
15.8776
15.7857
15.6125
16.056
15.9096
15.8281
15.9155
15.844
15.7669
15.6585
16.002
15.9102
15.776
15.8253
15.8811
15.7658
15.979
16.0593
15.6822
15.8145
15.7484
15.9037
15.9633
15.6904
15.6033
15.7427
15.9569
15.7889
15.3565
15.8159
15.8973
15.7231
15.7344
15.7645
15.7512
15.7124
15.6354
15.5846
15.7182
15.8294
15.6468
15.7956
15.4754
15.5052
15.7712
15.7628
15.5804
15.5017
15.7919
15.4508
15.3368
15.5892
15.4958
15.7294
15.5805
15.5301
15.5452
15.6099
15.7915
15.7878
15.7123
15.6688
15.54
15.6903
15.6036
15.421
15.8704
15.723
15.6309
15.7173
15.6579
15.5674
15.4713
15.8162
15.7244
15.5873
15.6196
15.6882
15.55
15.7765
15.8635
15.4815
15.6156
15.5363
15.7109
15.7634
15.477
15.4098
15.5175
15.7288
15.5867
15.1623
15.6131
15.535
15.3513
15.3533
15.4037
15.3902
15.35
15.2594
15.2171
15.3594
15.455
15.2747
15.4171
15.1081
15.1312
15.4386
15.4033
15.2393
15.146
15.4501
15.0888
14.9955
15.2603
15.1264
15.3747
15.2238
15.1795
15.1918
15.2567
15.4327
15.4363
15.36
15.323
15.1916
15.3436
15.2591
15.0722
15.5288
15.3812
15.2776
15.3761
15.3227
15.2126
15.1386
15.4834
15.3798
15.2475
15.2688
15.1798
15.1983
15.4325
15.5242
15.1325
15.2805
15.186
15.379
15.4198
15.1249
15.0702
15.1704
15.3735
15.2546
14.8456
15.2714
15.3433
15.1481
15.1469
15.2164
15.2075
15.1583
15.0615
15.0271
15.1717
15.2579
15.0749
15.2137
14.9171
14.9186
15.2678
15.205
15.0623
14.9574
15.2688
14.8736
14.8199
15.0953
14.9218
15.1808
15.0311
15.0509
15.0611
15.1241
15.3055
15.3101
15.2242
15.1924
15.0607
15.2169
15.1386
14.9468
15.4098
15.2619
15.1435
15.2621
15.2056
15.058
15.0311
15.3687
15.25
15.1184
15.1471
15.0565
15.0726
15.3008
15.4015
14.9983
15.1615
15.0501
15.2624
15.2912
14.9898
14.942
15.1179
15.2335
15.1376
14.7412
15.1425
15.2374
15.0305
15.0294
15.115
15.112
15.051
14.9471
14.9206
15.0647
15.1485
14.9591
15.0954
14.8082
14.7975
15.1662
15.1006
14.9688
14.8556
15.1659
14.7479
14.727
15.0167
14.8083
15.0728
14.9289
14.8882
14.8888
14.9537
15.1449
15.1458
15.0503
15.0165
14.8946
15.0458
14.9821
14.7799
15.2526
15.1035
14.9688
15.1038
15.0381
14.8804
14.8865
15.2116
15.0857
14.9449
14.9838
14.9025
14.9201
15.1258
15.2436
14.8351
14.9969
14.8803
15.1139
15.1284
14.8197
14.7745
14.9736
15.0654
14.9877
14.5949
14.9851
15.0845
14.872
14.8673
14.9649
14.9673
14.8992
14.7909
14.7707
14.9107
14.9962
14.8044
14.9359
14.659
14.641
15.1733
15.1189
14.9874
14.8708
15.1721
14.7404
14.7468
15.0476
14.8127
15.0784
14.9458
14.9092
14.8961
14.9666
15.1672
15.1613
15.0618
15.0234
14.9152
15.0526
15.0044
14.79
15.2733
15.1238
14.9722
15.1194
15.0445
14.8877
14.9192
15.231
15.107
14.9559
14.9951
15.0783
14.9596
15.1318
15.2638
14.8666
15.0018
14.8936
15.1472
15.144
14.8392
14.786
15.0061
15.0807
15.0179
14.6185
15.0129
15.1139
14.9003
14.8829
14.9906
14.9993
14.9255
14.8173
14.7966
14.9332
15.0216
14.8276
14.9537
14.6873
14.6622
15.0493
15.0013
14.865
14.7493
15.0366
14.6019
14.6278
14.927
14.6926
14.9386
14.8492
14.8121
14.794
14.8608
15.0728
15.0584
14.9615
14.9098
14.822
14.9368
14.9066
14.6829
15.1693
15.022
14.8513
15.0121
14.9249
14.7757
14.828
15.1472
15.0107
14.8504
14.8769
14.9643
14.8727
15.0176
15.1575
14.7765
14.8791
14.7871
15.0511
15.0338
14.7346
14.6781
14.9038
14.9723
14.9188
14.5111
14.9169
15.023
14.808
14.772
14.8901
14.9037
14.8251
14.7207
14.6953
14.8277
14.9208
14.7243
14.852
14.5912
14.5638
14.9513
14.909
14.7677
14.657
14.9268
14.4997
14.5424
14.822
14.6059
14.8227
14.7409
14.6903
14.6852
14.7439
14.967
14.9457
14.8593
14.7837
14.7241
14.8083
14.796
14.5734
15.0531
14.9096
14.7311
14.9048
14.8012
14.66
14.7344
15.038
14.9103
14.746
14.7605
14.8511
14.7788
14.9073
15.0464
14.6814
14.7581
14.6816
14.9504
14.9266
14.631
14.5828
14.796
14.7491
14.6981
14.2816
14.7028
14.8214
14.6002
14.5422
14.6717
14.6916
14.6053
14.5105
14.4722
14.6032
14.7005
14.503
14.6317
14.3706
14.3469
14.7295
14.6912
14.5514
14.4466
14.6911
14.2839
14.3446
14.5944
14.3986
14.582
14.533
14.4554
14.477
14.5303
14.7585
14.7304
14.6591
14.5654
14.5237
14.583
14.5821
14.3668
14.8276
14.69
14.5192
14.7024
14.5767
14.4389
14.5314
14.8209
14.6975
14.53
14.5367
14.6298
14.5692
14.5533
14.8187
14.4634
14.5294
14.4589
14.7605
14.7396
14.4497
14.4133
14.5926
14.6812
14.6275
14.2068
14.6338
14.8095
14.5434
14.4611
14.5998
14.6311
14.5338
14.4504
14.3954
14.5294
14.6276
14.434
14.5568
14.2944
14.2782
14.6483
14.6145
14.4797
14.3846
14.5937
14.2168
14.2896
14.508
14.3421
14.4802
14.422
14.3126
14.3633
14.4145
14.64
14.607
14.5482
14.45
14.4139
14.4536
14.4608
14.2559
14.6885
14.5567
14.403
14.5929
14.4392
14.299
14.4083
14.6898
14.5635
14.3912
14.398
14.4879
14.4357
14.3929
14.6697
14.3161
14.3897
14.3051
14.5663
14.5476
14.2685
14.244
14.3818
14.4887
14.429
14.0113
14.4225
14.614
14.3518
14.2517
14.3909
14.3896
14.2923
14.2187
14.1412
14.2875
14.3827
14.1986
14.2894
14.0375
14.0256
14.3338
14.3496
14.2226
14.1355
14.3185
13.963
14.0376
14.2403
14.0967
14.1852
14.2065
14.076
14.145
14.1987
14.4133
14.3797
14.3249
14.2398
14.1991
14.2263
14.2392
14.0404
14.4449
14.3197
14.1741
14.3729
14.1951
14.0419
14.1792
14.4174
14.3197
14.1507
14.1637
14.241
14.2075
14.1327
14.425
14.0719
14.1595
14.0553
14.3168
14.3037
14.0293
14.0137
14.1304
14.2512
14.1846
13.7678
14.1461
14.3583
14.1019
13.9889
14.1307
14.1668
14.0802
14.0115
13.9122
14.0795
14.1767
13.9985
14.0626
13.8237
13.8087
14.1023
14.1292
14.0095
13.9304
14.1071
13.7589
13.8295
14.0322
13.8998
13.9464
14.0031
13.8688
13.9368
13.9956
14.2024
14.1726
14.1163
14.0497
13.9996
14.0289
14.0404
13.8413
14.2254
14.1097
13.9569
14.1591
13.9691
13.8067
13.9707
14.2151
14.0983
13.941
14.0199
14.0831
14.0729
13.9648
14.2765
13.9218
14.0236
13.902
14.1642
14.1563
13.8866
13.8733
13.9829
14.1138
14.0444
13.6576
14.0051
14.2267
13.9782
13.8588
14.0034
14.0353
13.9501
13.884
13.7645
13.9572
14.0552
13.8802
13.9282
13.6994
13.6783
14.0296
14.0018
13.8806
13.8094
13.9899
13.6401
13.7147
13.9184
13.7876
13.8032
13.8878
13.7559
13.8149
13.8792
14.0799
14.0569
14.0001
13.9442
13.8908
13.9178
13.9318
13.7348
14.1054
13.9961
13.8341
14.0539
13.8363
13.6805
13.8553
14.113
13.9798
13.8355
13.8575
13.9093
13.9145
13.7814
14.1137
13.7594
13.8682
13.7361
13.9998
13.9914
13.7328
13.708
13.834
13.9618
13.8957
13.5256
13.8533
14.0754
13.8335
13.7093
13.8575
13.8929
13.7992
13.737
13.5976
13.8141
13.9139
13.7428
13.7821
13.5643
13.5326
13.8838
13.8623
13.7338
13.6725
13.8586
13.508
13.5914
13.7963
13.6635
13.6565
13.7591
13.6326
13.6829
13.7449
13.9474
13.9279
13.8771
13.8236
13.7712
13.7832
13.8076
13.6148
13.9768
13.8731
13.6992
13.9368
13.6938
13.5574
13.7216
13.9961
13.8409
13.7032
13.7384
13.7891
13.798
13.6414
13.9883
13.6353
13.7506
13.5999
13.8662
13.8553
13.602
13.5576
13.7176
13.8319
13.7693
13.4184
13.7231
13.9431
13.7036
13.5749
13.7198
13.7701
13.6571
13.6054
13.444
13.6754
13.7776
13.6188
13.6352
13.4275
13.3858
13.7409
13.7251
13.5827
13.5354
13.7207
13.3757
13.463
13.6672
13.5453
13.5088
13.6195
13.4984
13.5357
13.5924
13.8014
13.7864
13.746
13.6871
13.6305
13.6276
13.6621
13.4814
13.8347
13.7318
13.5493
13.7972
13.5395
13.4231
13.5669
13.8615
13.6799
13.5543
13.6101
13.6644
13.6688
13.493
13.8458
13.5028
13.6237
13.4485
13.7177
13.7045
13.4572
13.393
13.5963
13.6917
13.6325
13.3041
13.582
13.8005
13.5599
13.4301
13.5731
13.6391
13.5101
13.4718
13.288
13.5288
13.516
13.4024
13.3888
13.1884
13.1346
13.4999
13.4917
13.3299
13.3018
13.483
13.1469
13.2286
13.4237
13.3265
13.2618
13.3796
13.2548
13.294
13.3387
13.5454
13.5411
13.5266
13.4394
13.3815
13.3664
13.4098
13.2395
2.29731
0
0
0
0
0
0
0
0
0
0
0
0
0
0
0
0
0
0
0
0
0
0
0
0
0
0
0
0
0
0
0
0
0
0
0
0
0
0
0
0
0
0
0
0
0
